YEAR=1989 JULIAN DAY=291 HOUR= 0 MINUTE= 4 SECOND= 0 COMPONENT= 333
 SAMPLES/SEC=200 FILTER TYPE=BUTTERWORTH  CORNER= 0.10 ROP  =4 DATA TYPE=AC
 NO OF POINTS=  7827, UNITS=CM/SEC**2, CM/SEC, AND CM
    4.15    1.10    0.29    1.67    0.67   -0.77   -0.32   -0.90   -1.22   -0.53
    0.37    0.76    1.00    0.88    2.53    3.34    0.86    2.42    3.49    2.71
    5.00    5.95    6.44    9.14    9.29    9.50   11.65    9.99    8.98    9.10
    8.45    5.71    4.37    6.19    2.60    1.51    2.47   -0.45   -1.51   -2.27
   -2.15   -2.52   -3.40   -3.09   -2.85   -2.67   -2.28   -2.64   -2.73   -1.35
   -1.13   -0.20    0.53    1.35    3.19    2.18    2.33    3.72    2.22    2.76
    4.43    2.25    1.61    3.04    0.16   -0.79    2.68    3.14    2.52    3.82
    4.43    4.22    4.51    4.95    5.20    3.26    2.65    3.23    0.15    1.81
    2.13   -3.17   -1.77   -1.30   -3.63   -4.43   -6.05   -6.82   -5.62   -4.14
   -5.51   -5.06   -1.85   -1.38    0.08    2.87    3.73    5.33    6.83    7.26
    8.14    9.69   10.71   11.22   12.30   12.06   12.08   12.60    8.54    5.37
    4.12    1.65    0.01   -1.92   -4.12   -5.39   -6.15   -6.36   -4.94   -5.67
   -6.69   -2.65   -4.31   -3.10    4.69    0.31   -0.51    3.51    0.72    1.25
    2.51    1.45    2.71    2.55    1.89    3.66    3.72    5.21    8.59   10.14
   10.41   12.42   15.07   15.44   17.03   17.39   17.01   18.05   16.42   15.05
   14.84   11.68   10.72   11.12    8.45    7.44    7.33    6.21    4.19    2.19
   -0.08   -3.35   -6.41   -7.70   -9.09  -11.43  -10.26   -9.32   -8.73   -7.39
   -6.35   -3.68   -3.32   -0.79    1.71    1.72    4.47    4.68    5.11    5.94
    5.51    5.63    3.92    2.85    2.38    1.04   -0.58   -2.07   -2.58   -3.66
   -4.26   -3.94   -4.58   -3.43   -2.85   -3.37   -2.26   -1.29   -2.06   -2.99
   -2.85   -2.70   -2.51   -3.57   -2.03   -0.62   -1.97    0.54    1.68    1.68
    3.40    4.93    6.49    5.49    5.57    5.91    4.87    5.33    5.11    3.93
    5.09    5.75    6.35    9.11   10.20   11.74   13.46   16.32   19.70   20.99
   21.09   21.95   22.09   20.33   17.75   13.72   12.14   10.15    7.63    7.54
    7.35    5.82    3.67    4.83    5.05    1.87    1.61    3.33    0.45   -2.23
    0.43   -1.05   -3.26   -0.81   -2.68   -4.79   -4.69   -4.27   -3.11   -4.71
   -4.58   -5.43   -6.63   -4.90   -5.27   -5.83   -5.20   -4.85   -4.39   -4.13
   -4.26   -4.74   -4.56   -6.11   -8.31   -9.23  -10.45  -10.96  -11.59  -11.48
   -9.08   -7.78   -5.79   -1.43    1.88    7.76    9.90    9.25   12.88   13.24
   12.79   14.61   14.19   13.16   13.28   13.25   12.83   11.49   10.77   10.92
    9.86    9.72    9.39    6.51    3.29   -2.16   -6.04   -5.61   -7.34   -9.73
   -9.45   -8.32   -7.52   -5.94   -5.38   -5.47   -3.44   -3.78   -3.97   -1.72
   -2.40   -3.13   -1.83   -2.51   -3.99   -3.33   -2.82   -2.83   -1.32    0.56
    1.08    3.35    5.01    4.39    6.15    7.14    6.24    6.36    7.49    9.15
    9.47    9.22   10.34   10.38   10.75   11.97   12.73   13.50   12.99   14.67
   15.05   12.87   13.75   12.30    7.91    5.95    4.29    1.36   -0.45   -0.89
   -2.28   -3.89   -4.34   -5.77   -7.94   -7.92   -8.67  -11.24  -11.24  -12.22
  -14.60  -15.86  -15.74  -16.51  -17.10  -15.79  -16.21  -16.14  -15.26  -13.24
  -11.11   -9.08   -4.50   -1.35    0.05    2.17    3.08    3.94    5.41    7.22
    9.34    9.14    9.62   13.00   15.11   17.84   20.78   22.16   24.80   27.20
   26.13   26.99   29.60   28.72   29.07   30.35   31.56   31.79   32.48   34.48
   34.41   35.97   35.60   32.57   32.42   31.79   28.39   25.81   24.00   19.19
   15.40   10.91    5.35    4.21    1.42   -3.72   -7.24   -9.10  -11.23  -14.96
  -16.42  -16.87  -19.30  -21.12  -20.23  -21.29  -22.39  -20.37  -19.82  -19.89
  -19.08  -17.89  -17.80  -19.58  -20.77  -23.17  -24.93  -24.36  -26.59  -27.60
  -26.98  -26.77  -27.13  -26.15  -23.31  -23.55  -21.22  -15.15   -9.12   -3.94
    2.47   10.06   16.05   20.40   20.75   21.34   23.09   23.17   22.26   21.66
   21.32   21.21   20.95   20.77   21.85   21.14   20.63   20.58   19.66   18.71
   15.53   13.84   13.49   12.86   13.39   13.39   15.99   18.91   20.18   23.36
   28.57   32.71   34.14   36.99   39.58   39.71   39.10   37.92   34.96   31.56
   26.70   18.25   12.85    8.80    1.69   -4.14   -9.39  -12.03  -13.41  -17.70
  -19.49  -19.99  -22.04  -22.75  -23.14  -24.78  -25.98  -26.30  -26.94  -29.62
  -30.52  -30.22  -31.00  -30.95  -32.64  -34.40  -35.77  -38.18  -39.07  -39.22
  -39.56  -39.36  -37.85  -36.30  -33.36  -26.08  -20.58  -17.21  -13.47  -13.35
  -12.37  -11.10  -13.06  -13.11  -12.45  -11.35   -8.71   -5.11    1.16    5.91
    6.56    8.25    9.62    9.29   11.62   14.50   14.69   15.05   17.27   18.15
   18.78   18.79   18.32   19.45   20.52   24.96   29.40   34.76   41.57   46.14
   52.07   53.28   52.47   54.49   54.07   50.34   47.38   42.18   34.48   30.94
   25.26   21.29   20.36   17.62   17.22   15.69   16.75   18.13   15.84   16.56
   16.73   11.70    5.49   -0.03  -10.98  -21.99  -29.07  -37.78  -44.79  -49.54
  -52.80  -56.42  -57.59  -56.88  -59.02  -60.03  -59.78  -60.96  -61.84  -61.19
  -61.35  -61.22  -57.58  -55.45  -54.77  -48.62  -43.50  -40.16  -34.64  -29.08
  -22.32  -13.41   -4.67    4.01   13.18   19.89   24.72   27.33   29.24   32.52
   33.86   33.26   33.11   33.38   33.55   33.51   34.34   36.36   38.58   39.88
   41.83   47.32   49.91   48.28   48.36   50.26   51.05   46.48   43.22   40.42
   32.20   29.86   29.62   25.17   25.21   26.53   24.48   23.87   25.58   24.64
   22.52   20.07   14.29    7.49    2.29   -2.25   -8.35  -14.95  -19.48  -23.98
  -29.76  -34.42  -38.80  -43.73  -48.20  -53.27  -58.39  -61.32  -64.05  -65.65
  -65.44  -66.39  -67.06  -65.61  -66.20  -67.26  -66.56  -69.69  -75.04  -78.66
  -82.11  -85.93  -87.69  -88.59  -90.12  -90.83  -89.42  -85.93  -79.41  -67.03
  -56.86  -43.82  -23.33  -11.88   -3.16    6.33   13.80   19.51   19.40   22.23
   24.42   22.63   21.28   19.45   18.98   17.98   16.81   19.35   20.40   19.68
   20.52   21.40   22.14   20.54   19.48   18.96   18.52   18.93   15.23   11.68
    7.04   -2.50  -17.45  -32.64  -47.11  -60.73  -68.13  -82.88  -93.03  -96.07
 -104.10 -108.39 -110.28 -113.25 -115.48 -115.99 -118.05 -119.10 -118.48 -119.33
 -120.20 -120.34 -121.03 -120.86 -120.54 -123.40 -123.50 -122.17 -124.13 -122.27
 -118.93 -118.10 -112.17 -104.87 -100.50  -90.29  -83.35  -73.92  -60.89  -57.73
  -51.93  -45.20  -37.55  -28.92  -17.36    0.60   19.42   39.19   59.82   84.92
  101.30  115.64  135.45  148.49  162.71  173.18  177.05  188.48  198.49  199.44
  203.43  208.33  211.20  216.30  218.05  217.06  221.87  224.44  223.80  223.66
  223.89  225.25  222.76  218.88  217.75  220.17  215.25  208.94  205.73  196.52
  184.31  169.37  148.36  116.56   90.10   59.48   29.70   11.67  -11.00  -33.42
  -47.32  -62.37  -83.28  -96.99 -111.05 -124.60 -135.44 -145.01 -152.63 -158.10
 -165.88 -173.86 -174.84 -176.21 -180.41 -181.82 -182.40 -190.07 -193.91 -194.46
 -196.78 -199.23 -204.20 -202.41 -197.97 -195.13 -190.86 -189.61 -183.35 -178.12
 -178.48 -169.77 -165.00 -164.65 -155.53 -148.59 -146.16 -143.05 -142.31 -140.13
 -132.58 -114.01  -93.31  -83.72  -66.89  -43.16  -32.28  -17.29   -0.68    7.67
   16.68   25.69   37.41   45.59   53.97   62.91   69.48   81.66   93.05   96.85
  106.78  119.64  123.31  132.06  148.37  154.63  162.15  173.77  177.49  185.28
  194.64  200.81  208.32  215.32  218.94  223.61  226.38  219.67  216.03  191.95
  153.08  135.23  116.22   91.11   67.96   54.42   40.78   27.49   15.45   -8.00
  -21.54  -30.35  -43.25  -52.59  -64.80  -78.77  -85.70  -95.32 -105.21 -110.86
 -118.37 -125.21 -129.32 -132.56 -134.74 -133.29 -134.88 -134.71 -130.16 -128.23
 -121.71 -112.11 -111.72 -109.40 -101.12  -95.56  -92.02  -90.37  -84.73  -78.89
  -75.09  -68.37  -60.30  -48.59  -37.46  -25.21   -6.93   10.25   19.21   28.04
   34.55   33.87   35.19   35.73   35.08   34.73   35.09   33.64   32.05   32.79
   30.81   28.44   26.33   23.99   19.41   11.97    7.88    6.49    4.18    1.73
    1.94    0.89    1.09    6.57   12.74   20.88   25.92   30.66   44.16   51.05
   57.26   68.23   73.10   75.47   73.82   75.03   78.18   76.44   74.88   74.66
   71.21   68.73   70.97   70.85   67.63   66.75   67.38   67.34   68.27   68.14
   68.38   69.12   70.13   69.12   65.33   66.02   64.05   60.01   56.16   49.15
   39.36   26.03   19.18   13.11    1.10   -6.17   -9.77  -12.50  -13.78  -13.72
  -14.30  -17.18  -15.96  -16.49  -22.29  -22.86  -33.41  -46.61  -51.32  -61.73
  -71.61  -78.26  -81.14  -85.93  -88.46  -85.08  -85.70  -84.60  -82.13  -81.14
  -79.12  -76.91  -75.59  -70.77  -59.89  -52.04  -40.92  -22.94   -6.67    7.13
   15.13   21.69   30.03   38.12   48.64   58.22   67.32   79.88   88.97   93.16
   98.61  104.41  104.80  105.38  107.73  105.12  104.98  106.26  104.56  103.73
  103.12  102.42  101.60   99.98   99.48   88.84   64.70   58.01   51.27   27.45
    6.67   -9.97  -24.29  -38.01  -47.89  -60.50  -79.10  -94.87 -108.13 -120.16
 -125.74 -129.39 -134.04 -133.99 -130.68 -124.41 -116.44 -111.31 -105.24 -100.10
  -92.04  -81.52  -76.57  -67.81  -58.40  -53.84  -45.52  -40.09  -35.91  -27.00
  -21.93  -13.45   -0.01    8.12   19.86   29.90   31.27   33.93   35.40   34.90
   34.23   34.22   31.13   29.46   29.50   28.75   31.20   29.95   28.14   26.92
   23.64   19.61    8.51   -2.60   -9.56  -13.39  -11.94  -13.81  -14.91  -13.44
   -8.62    1.38    9.70   18.99   27.67   35.90   42.36   43.90   51.73   57.55
   58.00   64.90   69.94   74.10   76.57   80.07   86.71   87.16   90.05   89.09
   85.45   77.73   53.18   29.39    7.35   -9.68  -22.61  -43.55  -53.07  -56.50
  -65.45  -68.25  -66.80  -67.15  -68.42  -66.48  -57.95  -48.62  -27.61   -9.18
    8.77   38.46   51.48   66.82   81.68   84.75   87.65   91.73   94.27   93.10
   93.09   93.95   93.13   89.90   89.68   89.52   89.27   87.69   84.54   79.61
   64.27   50.37   37.55   21.11    6.68   -4.46  -12.80  -26.76  -41.03  -47.35
  -50.31  -54.59  -56.67  -57.01  -56.47  -57.78  -59.70  -57.79  -58.61  -63.16
  -65.95  -66.53  -69.57  -74.17  -74.70  -76.02  -79.00  -81.03  -83.20  -86.04
  -88.98  -88.94  -92.99  -97.73  -98.54 -101.06 -100.87 -102.15 -104.03 -102.84
 -102.85 -100.64  -97.41  -93.40  -83.59  -72.10  -54.10  -32.75  -23.22  -10.30
    7.08   18.31   30.41   40.06   47.34   60.58   75.46   83.14   87.87   92.84
   94.72   95.98   97.75   99.65  106.96  120.86  133.12  140.73  150.30  157.31
  157.93  160.76  161.92  160.56  157.51  153.00  147.48  137.61  133.31  130.15
  123.08  116.05  108.35  103.89   98.51   89.72   83.35   79.38   69.28   56.81
   43.64   20.63    4.45   -2.68  -26.82  -45.34  -44.55  -49.69  -54.93  -48.90
  -44.51  -43.72  -40.04  -40.03  -45.39  -50.00  -56.43  -71.38  -82.43  -92.48
 -103.85 -114.41 -125.36 -137.26 -149.36 -157.93 -167.66 -170.51 -173.75 -173.59
 -168.04 -154.93 -113.84  -79.70  -48.72   -4.98   19.88   38.73   59.98   77.37
   88.59   91.18   96.07   97.12   91.28   84.65   72.33   60.02   54.24   52.21
   50.42   48.51   48.90   48.51   50.27   52.61   52.87   56.17   58.02   61.76
   65.94   65.43   64.77   59.50   52.37   39.39   22.46   16.23    9.32  -13.22
  -29.77  -37.38  -58.07  -70.96  -81.03  -99.58 -112.89 -120.58 -126.54 -141.36
 -153.82 -158.66 -168.80 -177.07 -178.91 -181.28 -183.22 -182.00 -177.45 -162.13
 -147.47 -141.33 -127.12 -101.44  -84.89  -72.02  -46.45  -32.01  -20.46   -4.28
    8.30   20.53   27.57   37.28   44.98   51.52   58.79   64.57   74.65   82.91
   91.18   98.26  107.93  124.61  133.36  141.76  152.71  152.67  154.43  158.54
  160.47  163.28  164.17  166.78  167.38  166.33  163.41  159.79  151.85  134.32
  130.14  129.38  115.88  113.68  108.30   91.03   85.93   79.17   68.23   63.67
   56.78   51.24   48.38   45.35   42.38   36.48   30.85   17.17   -2.95  -18.35
  -40.10  -57.27  -75.19  -96.25 -112.04 -132.91 -141.65 -149.73 -166.76 -175.72
 -188.56 -200.95 -209.91 -220.49 -231.82 -240.15 -249.58 -256.95 -255.12 -264.94
 -265.10 -254.29 -256.73 -247.99 -229.00 -227.73 -211.99 -176.23 -155.66 -135.37
 -117.19 -105.08  -92.83  -85.81  -82.77  -79.73  -75.80  -75.11  -73.76  -70.07
  -62.38  -52.31  -44.43  -34.88  -26.42  -19.57  -10.59   -3.88    0.91    7.68
   14.47   19.31   28.29   39.66   45.77   54.66   61.43   65.13   74.56   77.56
   80.37   85.88   87.78   91.86   94.55   96.56  102.66  105.82  106.75  112.68
  119.36  129.48  139.63  146.57  154.67  165.09  178.29  185.38  192.54  202.00
  204.93  205.89  210.62  212.47  211.14  215.39  217.12  215.17  217.03  218.05
  216.73  216.70  217.00  218.18  213.98  210.41  198.98  167.38  154.26  154.96
  143.59  129.81  119.48  116.92  106.89   94.79   90.86   80.85   71.43   57.81
   44.48   30.89   10.22  -11.41  -31.66  -44.72  -61.97  -74.71  -83.67  -97.93
 -102.35 -111.82 -121.70 -127.83 -137.28 -143.99 -153.64 -160.57 -169.10 -178.36
 -184.97 -192.86 -196.20 -200.13 -207.58 -207.83 -206.75 -208.12 -207.17 -206.09
 -205.06 -200.46 -197.21 -196.59 -189.70 -186.33 -183.43 -175.62 -172.91 -167.05
 -161.10 -155.21 -147.65 -146.53 -135.51 -125.47 -119.62 -102.32  -96.31  -90.20
  -70.63  -61.86  -51.43  -35.22  -26.45  -14.84   -0.64   20.97   30.52   37.54
   56.09   67.43   75.95   82.95   91.93   95.60   99.61  105.33  104.46  104.48
  108.19  109.98  108.73  109.27  108.86  107.00  108.74  107.70  104.42  105.73
  102.53  101.00  101.19   97.64   97.00   93.80   92.84   92.32   85.70   83.78
   84.22   78.81   73.47   69.89   63.98   58.19   54.25   49.29   41.93   36.22
   31.38   22.96   18.39   13.09    6.26    1.35   -1.48   -1.93   -4.39   -4.20
   -7.30   -5.62    0.01   -0.37    0.61   12.38   26.33   30.72   37.63   50.42
   65.89   74.22   78.42   92.54  105.25  106.67  110.86  118.58  119.73  120.20
  122.45  122.57  125.08  126.25  124.83  125.41  122.40  118.83  115.77   99.07
   71.43   62.18   48.19   29.57   28.86   20.74   13.89   10.42    6.66   -0.26
   -7.42  -15.35  -26.76  -29.55  -37.26  -49.07  -58.30  -59.14  -64.10  -71.76
  -72.93  -77.02  -76.50  -81.76  -85.90  -84.93  -90.15  -91.13  -94.54  -99.76
  -96.49 -101.23 -106.05 -102.77 -103.97 -104.83 -109.54 -110.18 -105.13 -111.63
 -114.99 -109.67 -114.48 -116.88 -115.56 -121.71 -124.69 -130.18 -132.33 -130.09
 -135.84 -140.43 -137.28 -137.31 -141.69 -140.52 -139.71 -138.70 -136.25 -136.42
 -129.26 -126.78 -131.33 -124.75 -117.86 -117.55 -114.22 -109.20 -104.72  -97.75
  -90.99  -79.91  -68.86  -58.62  -41.87  -28.80  -16.19    0.35   18.91   27.33
   36.41   64.01   73.61   77.81   91.92  100.02  104.92  104.25  107.52  108.54
  104.25  105.14  106.60   97.37   94.25   98.28   93.04   92.08   96.01   97.67
   98.05  105.71  112.11  115.72  124.83  131.83  139.95  148.07  159.31  170.20
  180.38  190.50  191.05  196.47  199.72  195.06  193.04  190.36  161.37  138.02
  137.72  107.38   82.50   63.45   34.36   20.56    6.80  -12.46  -32.84  -46.46
  -61.46  -75.49  -85.88 -104.15 -114.73 -118.20 -124.53 -131.77 -134.41 -136.20
 -135.10 -134.09 -138.19 -135.21 -130.78 -127.95 -126.47 -126.62 -122.59 -121.87
 -122.60 -120.51 -120.46 -121.99 -119.90 -109.97  -91.92  -83.59  -77.74  -66.23
  -60.80  -51.20  -42.13  -37.15  -33.25  -29.08  -27.14  -26.09  -25.48  -26.19
  -25.52  -27.83  -32.85  -31.89  -28.25  -31.98  -32.64  -32.64  -36.91  -40.18
  -42.24  -49.52  -58.59  -56.82  -55.22  -57.11  -55.05  -52.85  -50.62  -45.19
  -38.46  -28.98  -16.02   -4.61    7.69   23.74   40.49   54.33   67.39   78.68
   87.34   96.70  101.91  103.81  106.17  108.13  106.85  102.82   99.67   84.24
   67.21   59.75   49.92   39.74   28.33   18.75   11.45    4.22    1.78    0.52
   -2.30   -1.95   -2.15   -4.32   -3.23    0.72    2.27    5.91   16.06   23.86
   33.00   46.70   56.15   68.08   81.73   91.86  104.07  111.70  118.36  123.45
  124.28  126.46  126.85  128.32  127.66  125.08  123.91  118.61  113.62  107.81
  103.42   94.43   86.15   81.53   64.56   61.17   56.88   43.97   43.91   39.85
   38.65   41.33   37.69   39.01   38.17   32.78   34.25   33.46   28.51   25.31
   25.87   22.76   15.53   18.07   14.13    7.66    9.26    5.59    3.06    2.82
    0.07   -5.31   -4.59   -5.23  -12.57  -15.29  -19.85  -24.64  -30.77  -38.10
  -43.43  -50.13  -51.16  -54.16  -57.72  -57.51  -61.45  -65.51  -68.02  -68.24
  -70.91  -74.08  -72.81  -73.91  -75.04  -75.31  -76.63  -76.39  -77.68  -79.93
  -78.81  -81.16  -84.28  -83.82  -88.06  -91.79  -95.39 -104.92 -112.46 -119.75
 -131.32 -143.49 -152.40 -156.07 -159.16 -163.54 -165.99 -164.71 -163.57 -163.26
 -159.29 -150.23 -137.50 -129.13 -120.33 -105.26  -92.20  -77.20  -60.32  -47.42
  -35.71  -21.56   -7.08    6.17   24.17   38.59   46.57   64.64   79.76   92.64
  110.58  112.67  119.87  140.50  147.38  151.98  160.34  165.38  171.50  172.38
  173.47  175.55  173.34  168.90  163.76  156.41  145.33  142.48  141.51  132.92
  130.10  129.12  127.10  122.34  119.11  115.11  105.40  107.67  105.71   94.59
   86.48   75.78   66.09   54.25   45.46   35.98   21.76   10.09   -2.51  -13.38
  -23.09  -31.42  -40.54  -50.63  -55.43  -62.21  -70.17  -74.38  -77.23  -81.63
  -85.93  -82.92  -84.21  -87.75  -84.82  -84.08  -82.96  -73.43  -63.13  -49.29
  -35.79  -30.91  -18.12   -5.96   -2.74    2.83    8.37   11.70   12.48   13.00
   13.49   13.87   13.42    8.75    4.50   -2.43   -8.64  -11.21  -17.40  -22.63
  -25.47  -31.18  -35.64  -35.55  -36.95  -39.37  -40.18  -40.58  -43.22  -42.93
  -41.60  -43.31  -43.65  -44.77  -45.33  -45.00  -45.38  -47.67  -45.61  -42.10
  -38.85  -23.42  -11.00   -1.71   11.87   24.36   35.33   41.22   51.83   58.07
   57.88   61.27   62.16   62.55   61.75   57.09   53.79   52.07   44.34   39.28
   39.94   34.92   26.66   23.31   20.57   11.83    5.87   -1.28   -5.95   -6.23
  -11.26  -12.69  -11.59  -13.65  -15.96  -18.20  -21.20  -23.50  -30.44  -35.15
  -38.89  -49.69  -54.63  -60.19  -70.19  -77.69  -84.80  -89.29  -95.53 -100.79
 -102.35 -103.59 -104.58 -104.43 -101.22  -97.14  -89.72  -80.69  -74.07  -68.31
  -61.39  -55.84  -51.75  -47.01  -43.10  -38.05  -30.23  -22.23  -16.93   -8.54
    0.37    4.33    7.22    8.99   11.21   13.30   13.33   13.05   13.95   15.06
   14.52   14.32   15.07   14.97   15.36   15.37   15.02   16.69   18.46   20.49
   21.86   24.34   28.36   29.59   30.13   31.06   33.25   34.60   35.67   37.74
   39.60   43.29   44.06   43.32   45.54   46.01   42.65   39.43   36.12   30.35
   26.25   21.48   14.66   14.35   14.45   11.34   11.43   11.07   11.39   13.66
   15.33   18.28   19.25   18.05   21.00   20.90   17.40   16.47   12.02    7.72
    2.84   -5.02  -11.58  -17.29  -27.55  -35.42  -39.44  -51.08  -57.27  -62.70
  -72.21  -76.88  -85.22  -93.09  -97.12 -103.08 -108.04 -111.00 -115.27 -118.30
 -118.17 -118.75 -120.43 -118.67 -114.59 -110.67 -102.17  -92.10  -82.22  -70.80
  -57.70  -42.65  -31.74  -21.50  -12.94   -6.99    1.59    7.63   12.56   16.96
   21.11   27.68   29.71   30.88   35.25   37.53   39.62   42.29   44.67   46.12
   48.91   50.88   51.62   53.38   53.38   55.21   56.22   58.29   60.66   61.91
   67.21   69.40   72.54   78.01   80.33   80.88   81.78   85.17   86.45   85.39
   86.42   88.40   86.69   84.73   84.73   81.22   75.23   71.19   66.61   58.34
   52.71   50.15   43.41   37.28   34.48   29.83   24.27   20.03   16.31   11.31
    7.34    4.25    2.85    3.83   -1.91   -4.91   -2.67   -4.80   -6.75   -6.71
   -6.33   -8.13  -10.65  -10.71   -5.86   -1.95    1.76    9.53   15.07   18.99
   21.41   25.30   28.07   28.31   31.21   30.34   29.83   33.28   34.21   34.62
   36.95   37.85   37.85   38.54   38.51   38.33   37.68   38.23   39.51   39.83
   40.21   42.59   47.01   49.34   52.08   56.47   58.96   59.08   59.80   61.03
   60.15   58.72   55.70   50.57   43.15   35.09   24.05   12.97    6.48   -3.86
  -15.20  -25.16  -34.29  -41.26  -47.04  -50.64  -53.19  -53.19  -52.13  -51.46
  -47.19  -42.55  -37.96  -30.30  -21.60  -15.32   -9.32   -1.72    3.70    7.76
    9.06   12.56   12.17    6.35    7.84    7.19    2.01   -0.59   -1.27   -2.72
   -4.37   -5.69   -5.25   -1.50    1.32    6.40   16.21   23.37   30.30   40.17
   46.99   53.50   56.39   58.13   64.23   65.56   64.66   64.51   61.27   56.22
   50.42   43.06   36.43   28.86   18.02    9.16    2.58   -7.31  -16.02  -22.28
  -30.56  -34.88  -36.27  -38.76  -39.57  -39.48  -39.18  -38.09  -37.82  -36.09
  -33.64  -32.66  -32.29  -31.55  -30.81  -29.97  -29.34  -30.02  -29.84  -30.18
  -30.14  -30.81  -33.01  -32.42  -32.32  -35.76  -40.15  -41.78  -46.50  -53.32
  -56.39  -63.37  -69.74  -74.55  -82.49  -86.87  -90.20  -94.23  -97.82 -101.74
 -104.71 -106.79 -109.84 -113.80 -114.16 -114.67 -115.60 -115.54 -116.17 -114.65
 -112.44 -109.42 -104.25 -100.16  -93.85  -84.33  -77.57  -70.55  -58.10  -50.47
  -48.25  -38.91  -31.87  -29.12  -23.85  -20.49  -18.60  -16.78  -14.34  -11.17
   -9.07   -7.45   -6.95   -5.71   -2.86   -2.53   -2.97   -0.94    1.56    2.93
    5.44    9.92   14.31   19.95   25.65   29.66   36.58   42.93   47.81   55.05
   59.44   63.00   69.05   72.31   73.47   75.70   78.02   77.93   76.38   77.66
   77.55   74.31   72.52   69.88   63.88   58.67   55.52   50.10   45.24   43.18
   40.96   37.35   34.99   34.49   31.28   28.06   25.70   22.97   20.25   17.45
   15.00   12.06   10.63   10.30    8.49    7.11    6.77    6.72    8.23    9.60
   10.02   12.04   12.98    9.56    7.04    5.17    0.81   -3.78   -9.63  -16.02
  -23.38  -29.78  -33.95  -41.11  -46.83  -51.68  -57.14  -59.42  -60.71  -63.59
  -65.09  -63.03  -60.47  -56.90  -51.62  -45.11  -40.21  -35.29  -28.17  -24.89
  -22.98  -20.54  -20.96  -22.81  -23.84  -25.72  -29.23  -30.76  -33.24  -34.71
  -33.78  -33.06  -31.86  -29.76  -23.49  -19.37  -18.08  -12.60   -7.64   -5.01
   -0.38    6.12   10.48   13.73   18.33   21.41   22.14   23.77   24.28   21.78
   22.03   22.64   20.36   18.99   20.03   19.00   17.94   19.79   20.37   22.20
   25.53   28.98   31.99   36.32   42.74   48.10   53.89   60.32   67.48   72.96
   79.55   86.19   89.04   92.63   94.58   92.94   89.90   84.63   69.65   54.65
   38.72   24.59   17.23    1.88   -5.74   -9.96  -16.31  -17.00  -18.68  -18.29
  -17.36  -15.84  -10.79   -5.62   -1.32    6.86   13.15   18.51   28.46   31.29
   32.87   37.97   39.29   34.89   30.64   28.12   14.29    6.62   -0.89  -15.95
  -19.40  -24.89  -32.09  -33.50  -34.27  -35.63  -34.83  -32.60  -30.64  -26.20
  -22.04  -20.20  -18.77  -18.50  -18.89  -18.34  -19.26  -20.37  -21.39  -26.18
  -28.65  -31.52  -36.72  -39.73  -44.18  -47.81  -50.55  -52.54  -55.62  -59.72
  -60.29  -62.35  -66.87  -67.77  -68.52  -71.04  -72.02  -72.88  -73.07  -73.05
  -73.47  -72.82  -72.79  -69.98  -65.30  -61.62  -55.96  -48.23  -37.36  -28.70
  -19.61   -8.12    0.33   10.49   19.08   27.14   35.48   40.60   47.54   54.91
   59.04   61.24   63.86   69.46   71.69   70.17   73.17   77.02   80.03   80.25
   81.29   85.68   87.19   86.98   90.28   92.46   94.23   97.43   95.80   98.55
  102.22  100.26  101.37  103.15  102.84  101.53  100.85  101.54   98.38   95.66
   95.22   90.90   85.82   81.33   75.22   66.61   57.93   51.02   41.44   29.51
   21.04   10.85    1.56   -2.99  -12.55  -20.71  -24.83  -29.15  -31.87  -33.69
  -36.10  -39.12  -39.16  -39.18  -41.54  -42.38  -41.97  -42.58  -43.25  -42.78
  -43.14  -43.75  -43.45  -42.75  -43.06  -42.43  -39.91  -41.37  -39.37  -32.37
  -34.13  -32.77  -26.46  -27.54  -28.23  -28.11  -27.22  -26.99  -29.38  -30.78
  -33.56  -35.45  -37.07  -38.81  -42.34  -47.48  -48.24  -53.57  -59.98  -64.82
  -70.89  -72.19  -73.91  -77.09  -78.08  -75.16  -73.78  -73.63  -66.94  -59.94
  -54.78  -47.47  -42.52  -37.84  -30.24  -25.14  -21.73  -14.67   -8.67   -5.66
   -0.04    6.02   10.08   14.02   18.64   22.55   25.36   28.38   31.19   33.80
   34.68   35.55   37.81   37.29   35.92   37.62   35.91   32.81   33.09   29.32
   24.68   19.01   12.08    8.41    1.59   -3.07   -5.93  -10.51  -13.53  -15.51
  -16.72  -18.80  -18.61  -17.87  -17.95  -16.83  -15.06   -9.31   -2.61    0.84
    7.84   12.82   15.88   20.25   19.84   20.75   22.62   22.25   23.70   22.42
   18.83   18.21   15.30   10.27    5.42    2.65    0.30   -5.43   -9.70  -10.71
  -12.13  -14.27  -14.32  -14.68  -15.60  -15.26  -13.66  -12.28  -10.13   -5.63
   -1.91    1.58    5.77    8.00   13.24   16.25   15.08   20.34   22.12   20.23
   21.98   23.20   24.14   25.50   26.10   26.19   26.52   25.70   23.70   22.65
   23.06   22.10   21.16   21.14   20.13   20.43   20.12   19.52   20.50   20.63
   20.63   21.19   20.51   18.66   18.06   17.08   13.70   11.83    6.80   -0.69
   -2.39   -5.38  -10.00  -12.02  -14.21  -15.14  -15.66  -16.10  -15.80  -15.23
  -13.86  -13.14  -12.49  -11.57  -11.32   -9.87   -8.94  -10.05  -10.09  -10.25
  -11.66  -13.76  -15.64  -16.72  -19.00  -21.93  -24.68  -28.04  -29.82  -31.29
  -34.13  -35.40  -36.96  -37.84  -37.45  -38.97  -39.93  -39.32  -39.70  -39.35
  -37.70  -35.80  -34.11  -34.69  -33.90  -29.51  -27.25  -26.49  -21.94  -18.07
  -15.22  -10.07   -4.54    3.21    9.23   14.18   22.00   28.95   36.42   42.25
   46.95   51.64   55.66   59.87   60.03   60.46   62.06   62.15   61.77   58.97
   55.58   50.00   45.50   41.79   35.25   30.44   26.15   23.14   20.87   17.00
   15.45   15.24   13.00   11.53   10.44    7.94    4.40    1.20    1.59    0.67
   -1.70   -1.52   -2.09   -3.44   -3.59   -3.97   -5.09   -5.28   -6.99   -9.53
  -11.14  -12.12  -13.98  -16.91  -19.25  -22.04  -23.79  -25.44  -27.64  -28.49
  -28.85  -28.56  -28.94  -27.96  -24.61  -23.18  -18.87  -12.59   -9.09   -4.05
   -0.72    1.61    3.81    3.30    3.23    3.80    3.14    0.76    1.01    1.77
    1.15    1.89    2.76    5.14    6.51    6.32    8.58    9.40    8.92    9.93
    9.85    9.25    9.02    8.96    8.85    9.30    9.61   10.49   12.09   12.59
   13.98   15.28   16.42   19.32   22.80   25.39   26.88   29.45   30.79   29.44
   30.54   31.27   28.89   27.88   27.07   24.36   22.64   19.78   15.50   13.89
   11.43    7.43    6.47    4.60    0.40   -1.33   -1.09   -1.98   -4.57   -5.50
   -5.78   -7.79   -8.96  -12.18  -15.41  -16.71  -21.25  -25.97  -28.22  -30.86
  -33.79  -35.60  -36.53  -36.35  -36.26  -34.83  -33.60  -32.57  -28.84  -27.67
  -27.62  -26.54  -26.52  -26.15  -27.45  -28.70  -27.87  -28.50  -29.28  -28.55
  -28.26  -28.20  -26.75  -25.69  -25.53  -24.88  -24.63  -24.32  -25.42  -26.84
  -26.01  -26.05  -26.52  -25.94  -25.27  -25.04  -24.95  -23.27  -20.91  -19.51
  -17.01  -14.68  -12.54   -9.40   -6.50   -3.73   -0.45    3.02    5.86   10.32
   13.68   15.75   18.71   21.72   24.19   25.97   29.07   33.87   35.52   34.91
   38.14   41.73   42.71   43.32   45.86   47.43   47.92   48.91   50.10   51.75
   51.53   50.83   51.08   51.01   49.49   47.83   46.23   43.84   40.65   36.36
   32.97   31.18   29.10   24.51   22.85   23.49   20.65   18.80   17.86   16.55
   14.29   10.96   10.18    9.33    7.79    7.22    5.52    3.76    2.11    0.24
   -2.24   -5.67   -7.44  -10.00  -11.37  -13.89  -19.90  -19.32  -18.81  -22.17
  -22.99  -23.66  -24.11  -24.11  -23.97  -23.39  -23.52  -22.72  -19.45  -15.86
  -14.73  -11.91   -8.02   -6.57   -5.93   -5.00   -3.11   -4.04   -5.25   -4.30
   -5.02   -6.02   -8.37   -9.89  -10.12  -13.46  -13.98  -12.22  -13.72  -14.17
  -12.86  -13.46  -13.74  -13.08  -13.88  -13.27  -12.96  -13.92  -12.77  -13.41
  -13.43  -14.80  -17.54  -16.49  -16.84  -18.03  -19.36  -19.69  -20.33  -21.88
  -21.70  -22.65  -22.69  -21.88  -21.88  -19.79  -15.35  -11.87   -6.33    1.88
    6.88   12.76   18.96   23.93   29.24   32.90   35.84   37.24   38.86   39.56
   38.68   39.45   39.70   38.22   36.58   34.12   30.65   25.43   21.93   19.49
   14.82   11.74    9.14    7.87    4.68    5.35    5.36   -3.01    0.13    1.69
   -2.35   -1.22   -3.53   -4.70   -6.28   -8.44   -8.87  -11.59  -13.94  -14.80
  -16.68  -20.27  -21.31  -21.11  -22.75  -22.39  -21.17  -16.71   -9.68   -2.75
    5.44   10.80   16.16   20.50   21.82   23.80   24.39   24.68   25.19   25.49
   23.96   23.24   22.98   20.03   17.35   13.09    7.85    5.79    2.53   -2.55
   -5.23   -8.99  -11.29  -11.67  -15.95  -17.78  -17.05  -19.16  -20.08  -20.29
  -21.35  -21.68  -21.75  -21.31  -20.46  -20.30  -19.04  -17.42  -16.54  -14.90
  -12.27   -8.96   -7.12   -4.94   -2.19   -1.55   -1.58    0.33    1.98    2.21
    3.06    2.60    2.46    3.42    1.66    0.22    0.38   -2.81   -3.94   -5.60
   -9.01   -8.14   -8.40   -9.05   -6.49   -4.92   -4.45    0.38    5.83   11.08
   14.35   16.60   22.95   22.81   24.71   28.92   27.33   28.95   28.91   27.75
   28.16   27.34   25.32   23.67   22.51   19.28   19.43   19.65   16.40   14.38
   12.51   12.76   12.25   10.66   10.25    9.61   10.60   11.34   10.23   11.71
   13.94   13.72   16.00   16.83   15.65   16.13   14.62   11.97    9.45    3.51
   -3.95   -7.09  -15.84  -23.61  -25.55  -33.67  -41.71  -41.35  -40.42  -45.23
  -45.53  -43.51  -45.26  -44.44  -41.43  -38.62  -36.08  -33.16  -29.68  -25.77
  -21.51  -17.89  -13.88  -10.93   -7.34   -3.98   -3.35   -2.36   -0.94   -1.35
   -1.18   -0.13   -1.49   -2.36   -1.65   -3.25   -4.22   -4.09   -5.40   -5.95
   -5.83   -6.10   -5.79   -4.88   -4.15   -2.05   -0.45    1.27    4.80    5.95
    8.17    9.67    8.78   10.02   10.55    9.56    9.32    9.10    5.69    4.02
    3.26    0.09   -0.30   -1.19   -3.39   -4.42   -5.38   -6.11   -6.93   -6.69
   -6.29   -6.51   -7.29   -6.75   -5.07   -6.40   -7.08   -5.51   -5.92   -6.97
   -7.36   -8.97  -10.50  -12.24  -14.97  -16.31  -16.90  -19.25  -20.36  -20.42
  -21.95  -21.71  -22.12  -22.30  -21.34  -20.80  -21.11  -21.92  -20.27  -19.58
  -19.92  -17.99  -15.55  -12.88   -9.14   -5.77   -1.55    2.27    5.59    9.07
   10.13   11.57   12.56   12.66   11.62   11.18   12.55   10.17    8.33    8.13
    6.85    6.72    6.86    6.55    6.05    5.96    6.64    7.81    8.81    9.82
   10.45   10.96   11.50   11.86   13.21   13.86   12.89   12.51   12.92   11.43
   10.60   10.66    8.52    6.38    5.79    3.94   -1.38   -0.73   -0.31   -5.32
   -5.65   -6.28   -7.74   -7.54   -8.30   -8.08   -7.48   -6.35   -4.89   -4.84
   -3.45   -1.34   -0.44   -0.69   -0.41    1.87    2.40    1.83    2.44    2.17
    1.76    0.57   -0.93   -0.65   -0.70   -1.94   -2.67   -2.63   -1.91   -0.17
   -0.37   -0.13    3.96    6.02    4.33    7.09    9.24    8.57   10.68    9.90
   10.58   12.38   11.68   12.65   12.97   10.87   12.40   13.24   11.29   11.98
   11.89   12.32   13.68   14.39   14.58   14.98   16.19   17.64   18.62   19.60
   19.68   18.51   19.24   18.90   16.97   14.28   10.75    8.99    4.93    0.39
    0.04   -3.04   -6.94   -8.16  -10.39  -12.74  -13.52  -14.92  -16.32  -15.85
  -16.43  -17.48  -16.95  -16.65  -17.03  -15.16  -14.01  -11.77   -6.35   -1.41
    1.20    3.73    7.83    9.46    9.57   10.43   11.74   12.53   12.22   11.23
   12.61   13.76   13.19   13.78   13.58   13.24   13.30   12.60   11.83   11.83
   10.61    9.87    9.65    7.74    6.73    5.83    3.50    0.16   -0.84   -2.81
   -7.31   -8.42  -10.12  -13.53  -15.01  -15.79  -16.15  -16.88  -17.16  -16.95
  -17.70  -18.49  -18.05  -18.08  -18.69  -17.89  -18.54  -19.57  -20.45  -21.25
  -19.58  -18.19  -18.55  -17.46  -16.24  -16.30  -14.97  -12.91  -11.09   -9.26
   -5.76   -2.74   -1.59    1.33    4.53    5.13    7.58   11.87   10.63   10.76
   13.42   12.92   13.20   13.68   12.96   12.47   13.50   12.96   11.71   11.71
   10.36   10.04   10.37    9.53    8.34    7.33    6.98    5.47    3.69    1.32
    0.31   -0.59   -3.36   -4.84   -6.85   -8.09   -9.09  -10.48  -10.38  -11.24
  -12.53  -11.85  -10.59   -9.01   -8.85   -9.98   -9.28   -7.98   -7.21   -6.55
   -6.62   -7.13   -7.32   -7.78   -8.86   -7.85   -7.89   -9.99   -9.45   -9.35
   -9.69   -9.70  -10.18   -9.88   -8.51   -7.84   -7.11   -4.80   -3.46   -2.13
    0.18    1.95    2.66    3.94    4.58    5.40    7.60    9.65   11.35   11.91
   13.65   16.47   17.76   17.47   17.62   19.04   21.19   21.59   20.69   21.23
   21.40   21.14   19.60   18.20   17.74   15.56   13.60   11.43    9.20    8.75
    6.60    4.80    3.35    2.05    2.21    0.35   -1.34   -2.11   -2.57   -3.51
   -3.54   -3.81   -4.36   -4.04   -4.04   -3.66   -4.20   -3.64   -2.63   -2.93
   -2.73   -3.33   -2.72   -2.45   -4.27   -3.43   -3.79   -4.88   -6.70   -9.15
  -10.33  -14.97  -17.16  -17.86  -19.65  -20.98  -22.89  -23.69  -24.66  -24.85
  -24.32  -24.55  -24.97  -25.09  -24.43  -23.30  -22.96  -21.67  -19.64  -19.00
  -18.56  -16.93  -16.12  -16.72  -15.37  -15.05  -15.71  -14.48  -14.62  -14.32
  -13.05  -12.67  -11.36   -8.96   -5.85   -5.24   -5.11   -1.95   -0.03    1.48
    3.01    5.27    6.89    6.87    8.92   10.44   10.16   11.41   12.06   11.16
   12.64   13.34   11.87   11.81   10.74    9.16    8.32    7.27    6.77    4.37
    2.66    2.66    1.14    0.25   -1.08   -2.36   -3.40   -5.39   -4.79   -4.95
   -6.62   -6.15   -5.88   -5.82   -5.90   -5.29   -4.78   -4.87   -3.42   -3.10
   -4.00   -3.91   -3.72   -5.20   -7.05   -7.95   -9.05  -10.21  -10.84  -11.22
  -12.99  -13.15  -12.30  -12.81  -12.22  -11.35   -9.22   -7.99   -6.42   -3.20
   -1.47    1.20    4.12    7.16   11.22   13.44   15.70   18.88   19.81   21.30
   23.23   23.78   24.06   24.49   24.48   23.64   24.47   23.86   21.90   21.75
   21.60   20.77   19.29   19.16   19.66   19.06   18.80   19.69   20.12   19.71
   20.88   21.43   20.38   21.11   21.27   19.22   19.12   19.10   18.14   18.38
   17.62   15.97   15.45   15.68   14.33   12.78   12.64   10.96    9.06    9.01
    8.42    7.84    7.46    6.62    4.49    3.81    2.99    1.06    1.43   -0.55
   -2.01   -2.84   -4.40   -5.41   -6.49   -6.95   -7.64   -7.63   -8.99  -10.23
   -9.68  -10.14  -10.77  -11.45  -12.15  -13.01  -14.42  -15.28  -14.60  -13.90
  -13.90  -12.50  -12.90  -12.94  -12.59  -11.66   -9.42  -10.36  -10.08   -8.49
   -8.68   -8.76   -7.95   -7.16   -7.20   -7.07   -7.04   -6.37   -4.97   -4.58
   -3.68   -3.37   -2.69   -2.42   -2.65   -1.11   -0.43   -0.75   -0.13    0.98
    0.71    0.07    0.54    0.66    1.05    1.49    0.24    0.67    0.81    0.81
    2.03    1.31    2.40    3.65    2.88    3.51    5.90    6.11    5.10    6.77
    8.23    9.32   11.00   11.78   12.16   14.58   16.14   15.76   17.38   19.69
   19.88   20.20   22.08   22.97   25.13   27.74   27.65   29.89   33.65   35.11
   36.67   38.84   40.91   41.18   39.82   41.06   42.58   41.15   41.06   41.56
   40.24   39.59   39.18   36.59   34.12   32.50   28.41   25.34   23.42   19.09
   16.21   13.30   10.28   10.13    7.99    3.99    2.13    2.34    1.19   -1.60
   -2.18   -3.66   -5.95   -7.86  -10.60  -11.24  -14.07  -16.26  -16.66  -20.09
  -22.02  -23.54  -25.41  -26.34  -28.54  -29.15  -28.93  -30.70  -31.18  -30.89
  -30.82  -30.61  -30.59  -29.56  -27.94  -26.46  -24.79  -22.73  -20.38  -17.74
  -16.02  -13.77  -10.62   -9.18   -8.08   -5.99   -4.73   -4.14   -2.98   -2.86
   -2.33   -0.71   -0.38    0.05    0.69    1.18    2.46    3.49    3.71    4.66
    5.74    5.93    6.51    6.95    7.39    7.62    8.38    8.61    8.03    9.07
    9.32    8.64    8.75    9.78    9.97    9.30    9.74    9.25    7.22    6.96
    7.46    5.22    2.94    2.80    1.39   -0.99   -1.41   -1.67   -2.74   -2.87
   -3.52   -4.15   -4.54   -5.15   -6.52   -7.39   -8.20   -9.88  -10.41  -12.58
  -14.35  -15.65  -18.37  -19.63  -22.20  -26.26  -27.86  -29.84  -31.87  -32.00
  -33.57  -35.63  -36.51  -37.69  -38.27  -38.17  -38.83  -38.91  -37.99  -37.41
  -36.08  -34.28  -32.78  -30.66  -27.90  -25.55  -23.62  -20.48  -17.44  -14.98
  -12.24  -10.39   -7.66   -5.53   -4.51   -2.57   -0.41    1.08    1.52    1.98
    2.61    3.17    2.95    2.73    3.83    4.04    3.31    4.30    4.91    4.59
    4.85    5.07    5.64    5.93    5.26    5.43    5.48    4.85    4.67    4.12
    3.72    2.83    2.11    2.17    2.10    2.07    0.66   -0.30    0.01   -0.95
   -1.33   -1.55   -2.48   -3.26   -3.57   -3.18   -4.44   -4.83   -3.74   -5.75
   -5.88   -3.21   -3.34   -3.92   -4.50   -3.75   -2.70   -2.55   -0.58    1.48
    1.79    3.20    5.36    6.19    7.91    8.62    7.93    8.57    9.12    8.99
    9.35    8.76    7.91    7.01    5.97    4.35    3.02    3.72    4.77    4.97
    6.00    8.46    8.89   10.49   12.08   12.05   13.92   14.04   14.25   15.33
   14.60   14.74   14.91   13.99   12.85   11.35   10.28    9.97    8.55    5.88
    4.87    3.20    1.24    1.02   -1.06   -1.99   -1.58   -3.03   -3.42   -3.08
   -3.08   -3.37   -3.79   -4.29   -4.90   -4.75   -4.89   -5.86   -6.59   -6.60
   -6.67   -7.46   -8.03   -8.35   -9.26   -9.58   -9.18   -9.35   -9.37   -9.54
   -8.59   -7.03   -7.19   -5.43   -3.40   -2.60   -0.93   -0.20    0.99    2.30
    2.44    3.58    4.49    4.64    5.98    6.80    7.15    8.67   10.64   11.40
   13.02   17.45   18.43   18.31   20.85   21.41   22.20   23.30   24.07   24.77
   23.60   24.33   24.68   23.13   23.31   23.22   22.00   20.66   19.58   18.37
   17.28   16.06   13.11   11.41   10.65    8.04    6.01    3.36    1.37    1.14
   -0.72   -2.21   -2.21   -3.07   -4.85   -5.07   -5.75   -6.50   -6.68   -7.45
   -7.25   -8.76   -9.25   -8.81   -9.41  -10.09  -11.00  -10.11  -10.52  -10.76
  -10.12  -11.20  -10.78  -10.01  -10.88  -10.04   -8.77   -8.63   -7.30   -6.27
   -5.98   -5.58   -4.77   -4.31   -4.72   -5.20   -5.00   -5.07   -5.82   -5.78
   -6.71   -7.51   -6.51   -6.95   -7.63   -7.19   -8.08   -8.08   -7.19   -8.08
   -8.31   -7.36   -7.51   -7.59   -6.99   -6.38   -5.91   -5.74   -5.59   -5.34
   -5.12   -5.34   -5.72   -5.62   -5.92   -7.23   -7.25   -6.72   -7.61   -7.37
   -6.07   -6.21   -6.03   -5.84   -6.46   -5.30   -4.39   -6.34   -6.55   -3.88
   -4.20   -5.86   -5.16   -4.13   -4.43   -4.41   -3.21   -3.97   -4.95   -3.15
   -2.31   -2.71   -1.01    0.61    0.80    1.25    2.73    4.35    5.46    7.70
    8.92    9.67   12.01   11.87   12.71   14.55   13.87   14.38   16.39   15.98
   15.30   16.73   15.31   14.11   14.16   12.45   10.80    9.17    8.34    6.24
    4.02    3.87    2.04    1.23    0.89   -1.28   -1.70   -1.59   -2.72   -3.67
   -3.49   -3.51   -4.43   -4.99   -5.19   -6.34   -7.51   -8.14   -9.95  -10.40
  -10.76  -12.90  -13.43  -13.56  -14.13  -14.98  -15.52  -14.28  -14.26  -14.42
  -12.41  -11.81  -10.67   -8.68   -7.61   -5.67   -4.74   -4.21   -2.69   -1.18
   -0.38    0.51    1.27    1.66    2.81    3.48    3.18    3.62    4.26    4.00
    4.62    5.88    6.14    5.56    6.79    6.97    6.34    7.89    7.94    8.38
    9.46    9.54   10.85   11.96   12.16   12.81   12.78   12.81   13.23   13.09
   12.84   12.02   10.87   10.10    8.90    6.87    4.71    3.16    2.78    1.43
   -0.03   -1.58   -2.60   -2.50   -3.74   -3.72   -3.67   -4.17   -4.05   -4.26
   -3.48   -3.53   -3.40   -2.49   -2.39   -2.53   -3.03   -3.16   -3.21   -4.22
   -4.58   -4.69   -6.66   -5.95   -5.52   -7.52   -7.18   -6.99   -7.16   -6.29
   -5.26   -4.42   -3.59   -3.62   -3.18   -1.89   -2.13   -2.10   -1.05   -1.00
   -0.76    0.24    0.37   -0.23   -0.62   -0.06    0.62    1.00    1.80    1.80
    2.32    3.60    3.28    3.87    5.15    5.72    7.03    8.05    8.69    9.91
   11.38   12.34   12.62   13.29   13.95   14.72   14.76   14.32   13.94   13.05
   12.94   12.18   11.59    9.19    6.55    6.32    4.69    3.85    2.51    0.99
    0.72    0.07   -1.35   -2.50   -2.83   -3.80   -3.56   -4.25   -6.05   -5.78
   -5.48   -6.53   -7.77   -8.28   -8.73  -10.76  -11.80  -11.01  -11.16  -11.64
  -11.36  -11.32  -11.96  -11.35  -10.77  -10.70  -10.51  -10.31   -9.69   -9.23
   -8.87   -8.52   -7.92   -7.21   -6.50   -5.91   -6.02   -5.52   -3.94   -4.03
   -4.62   -3.62   -3.11   -3.01   -2.34   -1.51   -1.38   -0.35    1.28    1.78
    2.64    4.22    5.60    6.93    7.26    7.00    9.46   10.88   10.67   11.07
   11.24   11.63   10.42    9.42    9.59    7.62    5.99    6.18    5.62    4.73
    3.51    2.76    2.67    2.50    2.85    2.08    1.67    2.14    1.82    1.84
    1.53   -0.09   -0.29   -0.38   -3.69   -5.21   -4.61   -6.99   -8.71   -9.49
  -11.61  -12.34  -13.12  -15.55  -17.16  -16.97  -18.08  -19.45  -19.19  -18.62
  -18.97  -18.47  -16.87  -15.86  -14.12  -12.59  -11.67   -9.93   -8.26   -6.71
   -6.16   -6.33   -4.99   -3.86   -4.10   -4.36   -4.01   -3.61   -3.04   -3.00
   -2.83   -2.86   -2.60   -1.78   -2.09   -1.20   -0.39   -0.40    0.77    1.16
    1.28    2.38    2.51    2.53    3.43    3.57    4.03    5.21    5.29    5.71
    7.18    7.58    7.92    8.56    8.84    9.15    9.07    9.24    8.78    8.09
    7.69    6.20    5.69    4.78    2.90    1.82    0.35    0.14   -0.26   -2.37
   -3.10   -1.55   -1.00   -1.84   -1.82   -1.25   -0.90   -0.75   -0.18    0.19
    0.41    1.02    1.50    1.30    1.68    1.76    1.52    1.28    0.55    1.49
    1.51   -0.21   -0.58   -0.12   -0.10   -0.82   -0.83   -0.75   -1.49   -1.87
   -1.21   -1.39   -3.05   -3.41   -4.54   -6.45   -5.56   -6.51   -8.90   -7.40
   -7.34   -9.05   -8.89   -9.53   -9.76   -9.74  -11.36  -10.92  -10.22  -11.51
  -10.95  -10.07  -10.70  -10.02   -8.41   -8.62   -8.44   -5.93   -4.94   -4.18
   -1.60   -1.09   -1.14   -0.34    0.38    0.99    0.97    1.29    1.53    1.77
    3.05    4.04    4.74    6.07    7.15    8.98   10.42   11.01   11.93   14.14
   15.64   15.51   17.20   17.55   17.74   19.28   18.95   19.28   19.57   19.04
   19.03   18.59   18.47   17.85   16.83   14.91   13.83   13.72   11.09   10.19
    9.74    7.60    7.34    5.99    3.95    4.01    3.08    1.54   -0.50   -1.29
   -1.98   -4.72   -5.62   -7.01   -8.62   -9.21  -10.80  -12.46  -13.60  -13.96
  -15.05  -15.80  -15.66  -16.86  -16.90  -16.85  -17.79  -18.02  -18.30  -18.11
  -17.34  -16.77  -17.04  -17.54  -17.33  -16.41  -15.79  -14.89  -13.85  -12.74
  -10.90  -10.09   -8.80   -6.86   -5.33   -3.58   -2.29   -0.96    0.96    2.06
    5.18    8.11    8.19   10.37   11.99   13.28   14.84   16.67   18.36   19.43
   21.20   21.51   21.80   22.81   23.68   24.07   24.32   24.24   24.03   24.67
   23.65   22.23   22.31   21.43   20.17   19.08   18.39   18.38   17.18   15.62
   15.28   14.69   13.23   12.60   11.53    9.99    9.59    9.12    7.67    6.70
    5.65    3.76    3.61    3.26    2.54    1.76    1.36    1.58   -0.22   -0.47
   -0.34   -1.32   -1.25   -1.85   -2.89   -3.39   -4.20   -5.81   -6.61   -6.88
   -8.45  -10.26  -10.87  -11.82  -13.81  -15.05  -15.58  -17.03  -18.95  -20.42
  -20.83  -22.19  -23.97  -24.33  -24.31  -24.98  -25.80  -25.51  -25.66  -25.84
  -24.30  -23.37  -24.21  -23.85  -22.39  -22.03  -21.81  -19.99  -18.65  -16.98
  -14.69  -13.87  -12.12  -10.39   -8.56   -6.42   -4.75   -2.56   -0.87    0.63
    2.30    3.17    4.02    5.36    6.02    6.14    6.30    7.03    7.13    7.29
    7.67    6.73    6.41    6.43    5.94    5.13    3.56    2.54    2.28    1.95
    0.82   -0.01    0.24   -0.71   -1.40   -1.10   -1.35   -1.00   -0.53   -1.11
   -1.01    0.19   -0.13   -0.76    0.18    0.64    0.30    0.43    0.89    0.87
    0.41    0.54    0.74    0.69    1.11    1.02    0.87    1.38    0.55   -0.66
    0.02   -0.23   -1.00   -0.67   -1.52   -1.84   -0.93   -1.16   -1.15    0.06
    0.09    0.74    2.21    2.54    3.37    4.72    6.06    6.89    7.78    9.16
    9.71   10.31   11.69   11.82   11.90   13.07   13.12   12.90   12.66   12.45
   12.99   12.72   12.28   11.62   10.27   10.05   10.70    9.78    8.88    8.93
    8.00    7.49    7.32    6.35    5.77    4.65    3.83    4.10    2.90    2.30
    2.43    2.31    2.35    2.18    2.07    1.62    1.48    1.83    2.70    2.98
    2.95    3.09    2.60    2.18    1.64    1.74    2.00    0.62   -1.08   -0.55
   -0.79   -1.84   -1.38   -2.19   -3.25   -2.94   -2.71   -3.09   -3.99   -3.67
   -2.57   -3.74   -4.23   -3.64   -4.06   -4.45   -5.26   -5.55   -5.01   -4.94
   -5.00   -5.03   -5.33   -5.02   -4.03   -3.59   -3.59   -2.96   -2.01   -0.75
    0.20    0.83    2.47    3.35    4.80    6.68    7.72    9.48   10.77   11.41
   13.07   15.40   15.50   15.67   17.55   18.27   18.25   19.01   19.93   20.58
   20.83   20.76   21.30   22.34   20.93   20.25   21.75   20.05   18.47   18.13
   18.22   16.63   14.38   14.15   12.37    9.93    8.83    7.67    6.77    5.90
    3.75    3.17    1.83   -0.56   -1.78   -2.80   -3.71   -5.55   -6.70   -7.12
   -8.07   -9.76  -10.98  -10.75  -11.87  -13.68  -14.91  -14.46  -13.92  -16.28
  -15.94  -14.30  -15.50  -15.78  -16.18  -15.96  -14.06  -14.41  -14.12  -11.95
  -10.63   -9.76   -9.32   -8.33   -7.04   -6.08   -5.02   -4.62   -4.10   -3.63
   -3.43   -2.34   -2.49   -2.58   -1.28   -1.15   -1.30   -0.68    0.02   -0.17
    0.61    1.36    1.56    2.57    2.80    2.56    3.30    4.82    4.30    3.96
    5.23    4.78    3.71    4.45    4.10    2.63    2.78    2.86    2.59    2.41
    2.61    4.07    4.68    5.29    6.99    7.85    9.29   10.80   11.31   12.41
   13.70   14.23   14.51   15.10   14.99   15.04   15.34   14.52   14.07   13.76
   13.98   13.97   11.59   10.68   10.61    8.78    7.89    6.63    5.70    5.81
    3.89    3.09    2.98    0.99    0.05   -1.17   -2.45   -4.05   -5.72   -4.87
   -7.94   -9.93   -9.43  -12.11  -11.22  -13.26  -15.57  -13.15  -14.57  -14.75
  -13.62  -14.04  -13.43  -13.02  -12.42  -12.12  -11.53  -10.36  -10.20  -10.14
   -9.31   -8.56   -8.70   -8.64   -7.78   -7.81   -8.00   -7.98   -8.16   -8.37
   -8.68   -8.26   -8.36   -8.57   -8.59   -7.74   -7.12   -7.16   -6.19   -5.76
   -4.72   -4.38   -3.93   -2.36   -2.42   -2.12   -1.04   -1.07   -0.90    0.08
   -0.18   -0.56    0.14    0.11   -0.39    0.16   -0.21   -1.40   -1.12   -1.15
   -1.77   -1.67   -1.72   -1.93   -1.90   -1.62   -1.05   -0.91   -1.13    0.62
    1.64    0.70    1.30    2.07    1.14    1.09    2.07    1.55    0.91    0.49
    0.41    1.72    1.93    1.22    1.02    0.60    0.91    0.62    0.28    0.60
   -0.33   -0.42   -0.20   -1.43   -2.11   -1.35   -0.89   -0.77   -0.69   -1.20
   -0.64   -0.23   -0.72   -0.03    0.12   -1.11   -2.75   -3.92   -3.56   -4.60
   -5.71   -6.58   -7.31   -7.93  -10.32  -10.06   -9.49  -10.73  -10.60  -10.90
  -11.05   -9.97  -10.43  -10.65   -9.35   -8.58   -7.83   -6.73   -6.86   -6.44
   -6.00   -6.43   -5.98   -5.79   -5.32   -4.55   -4.20   -3.92   -4.18   -4.74
   -4.47   -4.09   -3.79   -3.83   -3.23   -2.61   -3.35   -4.01   -3.98   -2.87
   -2.93   -2.17   -0.94   -1.24   -0.33   -0.02    0.66    2.36    2.26    2.46
    3.49    3.76    4.46    4.73    5.12    5.42    5.91    5.79    3.55    4.62
    6.84    6.00    5.15    5.76    6.57    6.21    5.60    5.91    5.61    5.82
    5.99    5.32    6.03    5.83    3.69    1.98    2.37    1.90    0.23    1.12
    1.10   -2.39   -3.63   -3.89   -5.16   -5.24   -6.29   -7.31   -8.13   -8.90
   -9.27   -9.11   -8.81   -9.56   -9.06   -8.06   -8.08   -7.69   -6.53   -4.87
   -4.27   -4.39   -4.09   -3.49   -2.83   -2.80   -2.54   -2.76   -3.42   -3.35
   -4.35   -5.01   -5.33   -6.69   -7.13   -6.88   -7.76   -8.60   -9.33  -10.20
   -7.95   -8.18   -9.41   -8.05   -8.39   -7.00   -6.60   -7.05   -5.71   -5.46
   -5.06   -4.42   -4.38   -3.73   -2.31   -2.57   -3.25   -2.65   -2.55   -1.93
   -1.35   -2.01   -2.13   -0.93    0.43    1.01    1.60    3.13    4.20    5.94
    8.02    8.12   10.21   12.47   12.61   13.95   15.25   15.53   15.99   16.40
   16.82   16.53   15.98   15.97   15.28   14.81   15.09   15.54   14.90   13.94
   15.63   16.67   15.93   16.00   15.34   14.55   15.16   14.78   13.84   13.91
   13.64   13.32   13.19   12.32   11.96   11.86   10.85   10.65   11.53   11.08
    9.39   10.31    9.69    6.12    6.87    5.40    2.90    4.02    1.96    0.28
   -0.09   -0.74   -0.94   -2.10   -2.50   -2.00   -3.62   -3.11   -2.17   -3.17
   -2.60   -3.01   -3.13   -3.21   -3.11   -3.73   -4.61   -4.81   -6.21   -5.99
   -6.18   -7.31   -6.47   -7.17   -8.80   -8.13   -7.01   -7.07   -7.23   -6.47
   -5.98   -4.40   -3.01   -3.42   -1.00    0.41   -0.63    1.84    2.74    2.18
    2.97    2.95    3.39    3.46    2.56    2.61    2.55    0.94    0.49    0.47
   -0.12   -0.51   -1.13   -0.55   -0.05   -0.17    0.38    0.71    1.35    2.61
    3.13    3.77    4.99    5.50    5.27    5.28    5.78    5.31    4.53    4.80
    3.60    3.09    3.47    1.26   -1.08   -1.79   -1.44   -2.93   -4.43   -4.04
   -3.90   -4.18   -4.41   -3.09   -2.04   -1.95   -1.00   -0.41    0.32    1.66
    2.18    1.97    2.54    3.26    2.18    2.58    2.37    0.88    2.08    1.93
    1.07    1.97    1.58    1.14    1.77    1.61    1.34    1.39    1.91    2.49
    2.78    2.87    3.24    3.89    5.14    6.12    6.17    6.75    7.07    9.55
   11.09    9.55    9.93    9.34    8.85    9.75    9.89    9.11    8.48    9.05
    7.92    6.79    6.21    6.18    6.55    5.87    5.42    5.12    5.43    6.01
    6.35    6.69    6.32    5.34    5.93    6.38    5.08    5.13    4.67    3.11
    2.79    1.48   -0.01   -0.78   -2.05   -3.21   -4.23   -5.21   -7.28   -7.66
   -7.76   -9.98  -10.33  -10.61  -11.62  -12.00  -12.42  -12.48  -12.68  -12.77
  -12.56  -12.06  -11.55  -11.96  -11.58  -10.86  -12.59  -13.53  -11.94  -11.39
  -12.90  -13.05  -11.73  -11.29  -11.57  -11.86  -11.09  -10.51  -10.71   -9.91
   -9.12   -9.44   -9.07   -8.44   -7.85   -7.54   -7.36   -7.53   -7.11   -4.82
   -4.54   -4.29   -3.10   -3.16   -1.75   -0.90   -0.59    0.76    0.90    1.56
    2.17    1.42    2.19    2.50    1.25    1.24    1.31    1.35    1.29    1.22
    2.03    1.79    1.68    2.40    2.56    2.82    2.71    2.55    3.00    2.97
    2.19    1.58    1.00    0.78    1.45   -0.27   -2.72   -1.95   -1.98   -3.78
   -4.15   -4.38   -5.44   -6.43   -6.39   -6.67   -7.55   -7.83   -8.30   -8.17
   -8.34   -8.95   -8.66   -8.75   -9.47   -8.61   -8.74  -10.01   -8.83   -8.44
   -9.82   -9.48   -8.80   -9.65  -10.23   -9.63  -10.13  -10.32  -10.18  -11.07
  -10.18   -9.45   -9.44   -9.99  -11.02   -9.97   -9.42  -10.33  -10.18   -9.44
   -9.28   -8.91   -8.75   -8.37   -7.40   -7.30   -6.37   -5.41   -4.35   -3.37
   -2.60   -0.19    0.76    1.15    3.58    4.06    4.71    7.04    8.05    9.22
   10.65   11.99   12.94   13.96   15.12   15.25   15.97   17.19   17.44   17.60
   17.90   18.33   19.06   20.28   19.70   19.51   20.61   19.55   19.69   19.41
   18.79   19.03   17.31   15.70   16.54   15.43   11.65   12.27   11.55    8.47
    8.34    7.76    5.66    4.50    3.39    1.95    1.93    0.48   -1.34   -1.87
   -3.18   -4.27   -4.19   -5.89   -7.41   -6.64   -7.56   -7.95   -7.88   -8.49
   -7.96   -7.67   -7.95   -7.61   -6.77   -6.74   -6.61   -5.18   -5.01   -5.58
   -4.34   -3.86   -4.76   -4.52   -3.66   -4.03   -4.04   -2.70   -2.76   -3.10
   -1.14   -0.22    0.31    0.84    0.20    0.80    1.67    2.68    3.07    2.91
    4.15    4.92    5.36    5.25    5.32    6.03    4.96    4.82    6.00    5.06
    4.09    4.23    4.05    3.56    3.66    3.31    1.67    1.76    2.78    2.74
    2.41    3.08    3.62    3.48    3.44    3.77    5.14    5.17    4.95    6.24
    7.10    6.55    6.97    8.20    6.94    6.45    7.42    7.48    6.79    6.70
    6.78    5.98    5.94    5.65    4.47    3.69    3.07    2.55    1.99    0.78
    0.52    0.77    0.39   -0.39   -0.21    0.06   -0.63   -0.30    0.09    0.40
    0.61    0.31    0.94    1.56    2.16    3.16    3.50    4.10    4.57    4.68
    5.48    6.15    6.44    6.96    6.70    7.11    7.27    6.88    7.13    7.06
    6.33    5.66    5.67    4.57    4.34    3.89    2.35    1.60    0.44   -0.16
    0.63    0.31   -0.52   -0.42   -1.06   -1.52   -1.27   -1.52   -2.09   -1.74
   -1.08   -0.85   -0.95   -1.49   -0.69   -0.13   -0.66    0.03   -0.05    0.01
    1.65    2.24    1.49   -0.46    0.33    1.16   -0.44    0.46    0.59    0.32
    1.34    1.85    1.56    1.32    1.50    1.88    2.50    2.23    2.11    2.88
    3.53    3.61    3.18    3.63    4.49    4.45    3.49    3.42    4.48    3.80
    3.08    3.80    4.20    3.89    3.90    3.95    4.24    4.28    4.09    4.66
    4.49    4.43    4.77    4.76    4.49    4.80    5.33    4.75    4.50    4.39
    3.85    3.72    3.13    2.96    2.86    1.37    1.18    1.29    0.12   -0.45
   -1.26   -2.00   -2.43   -3.65   -4.21   -4.73   -6.22   -6.31   -7.27   -8.89
   -8.10   -9.31  -10.54   -9.33  -10.09  -11.13  -10.54  -10.02  -10.21  -10.10
   -8.71   -6.99   -7.41   -8.12   -7.47   -7.15   -6.70   -6.23   -5.42   -5.69
   -6.10   -5.48   -5.92   -5.71   -5.38   -6.94   -7.04   -6.02   -6.69   -6.99
   -6.28   -6.64   -6.56   -5.84   -6.69   -7.32   -7.33   -6.61   -6.15   -6.15
   -6.02   -6.20   -5.90   -5.94   -6.81   -6.85   -5.87   -6.83   -7.10   -7.47
   -7.83   -6.95   -8.02   -8.28   -7.83   -7.79   -7.34   -7.23   -7.09   -6.90
   -6.55   -5.99   -6.34   -5.98   -5.74   -6.41   -6.26   -5.92   -5.46   -5.66
   -6.15   -5.88   -5.71   -6.05   -5.96   -5.82   -5.54   -5.83   -6.03   -5.03
   -5.48   -5.68   -4.91   -4.08   -3.79   -3.88   -2.27   -2.18   -1.82   -0.69
   -1.69   -0.34    1.23    0.84    0.21    0.53    1.85    0.35   -0.24    1.05
    0.15   -1.07   -1.89   -1.50   -1.69   -2.73   -3.08   -3.11   -3.00   -3.90
   -2.72   -1.52   -2.03   -2.79   -3.57   -3.08   -3.50   -3.79   -3.96   -2.94
   -4.21   -7.38   -4.45   -3.95   -6.05   -6.01   -6.39   -5.89   -6.26   -6.36
   -6.22   -7.41   -7.05   -6.23   -6.67   -7.56   -8.33   -7.69   -7.37   -7.21
   -6.61   -6.89   -6.47   -6.27   -7.02   -6.76   -6.28   -6.17   -6.47   -7.25
   -6.78   -5.97   -6.76   -7.77   -8.14   -7.60   -7.06   -7.76   -8.22   -8.15
   -7.89   -7.24   -7.32   -7.90   -7.63   -7.22   -6.34   -6.93   -7.54   -6.33
   -6.41   -5.91   -5.71   -6.03   -5.38   -5.46   -4.77   -4.82   -5.72   -4.62
   -3.29   -2.99   -3.35   -3.23   -1.70   -1.33   -2.03   -0.98    0.80    0.27
   -0.34    1.10    0.90    1.28    2.95    2.49    2.31    3.48    4.19    4.75
    4.99    4.86    5.32    6.68    7.07    6.64    8.00    8.53    8.16    8.65
   10.68   11.77   10.43   11.44   11.24    9.97   10.75   10.79   11.05   11.54
   11.14   10.72   10.98   11.08   10.49   10.82   10.49    9.41   10.13    9.08
    7.41    8.46    7.88    6.55    7.43    6.82    5.29    5.86    6.42    6.07
    5.88    6.62    7.22    5.98    6.13    7.18    6.48    6.58    6.88    6.25
    5.97    5.58    5.12    5.00    5.47    4.55    3.88    4.56    4.29    4.37
    3.91    3.69    4.36    4.20    3.66    3.69    4.02    3.77    3.44    3.35
    3.20    3.41    2.92    2.27    3.21    2.69    1.91    2.57    2.19    2.30
    3.13    3.47    3.75    4.32    4.81    5.05    5.20    5.32    5.78    6.21
    6.30    6.42    6.86    6.35    6.56    7.40    6.43    6.35    6.93    6.70
    6.91    6.67    6.22    6.31    6.49    7.06    6.59    5.83    5.92    5.55
    5.64    6.36    5.86    3.88    3.07    3.25    2.38    1.57    1.02    0.76
    0.12   -1.08   -1.39   -1.80   -1.96   -2.01   -2.75   -2.94   -2.79   -2.84
   -2.50   -2.19   -1.87   -1.32   -1.67   -1.80   -1.46   -1.45   -1.06   -0.40
   -0.28   -0.74   -0.62   -0.89   -1.89   -1.47   -1.40   -2.64   -2.84   -2.35
   -2.91   -3.43   -2.88   -2.77   -3.11   -2.91   -3.16   -2.62   -1.90   -2.55
   -2.78   -2.45   -2.23   -2.52   -2.16   -2.03   -2.54   -2.74   -2.31   -2.29
   -2.07   -0.76   -1.22   -1.38   -0.11    0.25    0.69    1.59    1.72    1.89
    2.74    3.23    2.98    3.33    4.45    3.58    2.97    3.67    2.13    2.35
    3.66    2.16    2.44    2.17    1.34    2.95    2.58    2.07    2.14    1.98
    2.49    1.91    1.75    2.09    2.26    1.89    1.49    2.11    1.85    1.17
    1.27    2.24    2.11    0.75    0.93    0.73    0.51    0.55    0.06    0.78
    0.55    0.04    0.77    0.53   -0.04    0.51    0.62    0.07   -0.04   -0.31
   -0.35   -0.76   -1.63   -1.66   -1.91   -2.94   -4.33   -4.58   -4.16   -4.30
   -4.10   -4.14   -4.73   -4.43   -4.08   -4.76   -4.80   -3.85   -4.28   -4.56
   -3.83   -4.23   -3.88   -3.53   -3.90   -3.37   -2.89   -3.47   -3.41   -2.80
   -3.08   -2.74   -3.12   -4.00   -3.33   -3.38   -4.32   -4.36   -4.09   -4.48
   -4.70   -4.42   -4.76   -4.59   -4.11   -3.77   -4.06   -4.05   -3.43   -3.42
   -2.56   -3.27   -3.18   -1.63   -2.38   -1.56   -0.58   -1.08    0.58    1.14
    1.13    1.95    2.22    2.23    2.70    3.71    3.97    4.86    5.29    4.63
    5.61    6.96    6.03    6.67    8.00    7.12    7.37    8.41    8.66    8.28
    8.75    9.21    9.83    9.98    7.97    7.27    7.42    7.66    7.47    6.77
    7.01    6.97    6.02    5.51    5.77    5.51    5.10    4.77    4.33    3.75
    3.62    3.31    2.29    1.91    1.40    0.67   -1.44   -2.48   -1.55   -2.64
   -3.93   -4.17   -4.81   -5.93   -6.86   -7.42   -7.44   -7.99   -9.70  -10.41
  -10.03   -9.95  -10.75  -11.55  -10.94  -11.06  -11.56  -10.58  -10.39  -10.79
   -9.94   -9.29   -9.26   -8.60   -7.77   -7.77   -7.86   -6.97   -6.54   -6.57
   -6.23   -5.90   -5.56   -5.89   -5.29   -4.29   -4.80   -4.71   -4.48   -4.18
   -2.96   -2.86   -2.74   -2.07   -1.04    0.27    0.90    1.45    2.14    2.82
    3.52    4.36    5.01    5.79    5.92    6.26    6.97    6.95    7.32    7.61
    7.90    8.50    8.32    7.92    8.38    8.87    8.34    8.47    9.18    8.46
    9.26   11.55   10.99   10.51   10.86   10.71   11.68   11.05   10.39   12.12
   11.90   10.16   10.99   10.60    9.48    9.93    8.68    7.28    6.55    6.29
    5.80    3.41    2.75    3.24    1.22    0.54   -0.02   -1.45   -0.38   -0.77
   -1.79   -0.28   -0.55   -2.51   -1.92   -0.96   -2.62   -3.04   -1.98   -2.56
   -2.87   -2.79   -3.14   -3.88   -3.96   -2.91   -4.19   -4.51   -3.88   -4.44
   -4.54   -4.70   -4.49   -5.60   -5.52   -4.63   -5.94   -6.08   -5.44   -6.03
   -5.88   -5.94   -6.46   -6.11   -5.86   -5.00   -5.17   -6.04   -5.34   -5.14
   -5.33   -4.10   -3.09   -4.01   -3.77   -1.71   -1.27   -1.42   -0.84   -0.54
    0.03    0.59    0.86    1.11    1.87    2.07    1.50    1.69    1.67    1.90
    2.61    2.21    0.73    1.53    3.05    2.06    1.38    2.44    2.46    1.61
    1.83    2.47    2.91    2.71    2.11    1.22    2.64    3.28    0.90    1.45
    2.85    1.75    1.18    1.93    2.60    2.32    1.51    1.68    2.10    1.55
    1.52    1.83    1.91    0.68    1.08    2.97    0.81   -0.77    0.05    0.54
    1.09    1.31    0.68    0.17    0.06    0.39    0.11   -1.86   -2.38   -2.41
   -2.61   -3.41   -4.93   -4.77   -4.67   -5.08   -5.88   -5.65   -4.55   -5.59
   -5.92   -4.98   -5.26   -5.09   -4.66   -4.87   -4.07   -4.09   -4.11   -2.84
   -3.16   -2.85   -1.80   -1.98   -1.81   -1.40   -0.84   -0.90   -1.24   -0.59
   -0.76   -1.15   -0.71   -0.89   -1.08   -0.59   -0.05    0.06    0.24   -0.27
    0.19    1.67    0.84    0.39    1.27    1.70    2.12    2.10    1.99    2.77
    2.85    2.79    3.37    3.40    3.06    3.05    3.33    2.92    2.71    3.54
    3.45    3.17    4.22    3.29    2.31    2.62    1.93    1.91    1.89    0.84
    0.80    1.21    0.02   -0.10    0.02   -0.94   -1.39   -1.73   -1.93   -2.74
   -3.12   -3.20   -3.95   -2.98   -2.99   -4.76   -4.64   -4.42   -4.24   -3.68
   -3.08   -3.09   -2.94   -2.06   -2.48   -0.23   -1.13   -3.53   -0.19   -0.82
   -2.38   -0.97   -1.35   -1.89   -1.36   -1.38   -2.14   -2.49   -1.98   -1.50
   -1.90   -2.50   -1.60   -0.70   -1.25   -1.10   -1.00   -0.50    0.48    0.10
    1.23    2.15    1.90    3.04    3.82    4.79    5.07    5.32    6.84    7.21
    6.79    7.28    8.22    8.26    7.82    7.99    7.59    6.71    6.50    7.02
    6.86    5.81    5.46    5.62    5.21    3.91    3.81    3.60    2.89    2.51
    2.57    2.23    1.06    1.52    1.64    0.53    0.91    1.30    0.51   -0.43
   -0.02    1.39    0.88   -1.11   -1.07   -0.63   -2.46   -2.46   -1.89   -3.55
   -4.16   -3.16   -3.40   -3.90   -3.80   -4.49   -4.74   -3.46   -3.37   -4.58
   -4.03   -4.17   -4.36   -3.94   -4.61   -4.54   -6.12   -6.79   -5.49   -6.28
   -5.56   -5.04   -6.30   -6.25   -5.77   -6.31   -6.52   -6.28   -6.87   -7.50
   -7.37   -6.82   -7.63   -8.25   -7.31   -7.57   -8.37   -7.80   -7.91   -8.94
   -8.28   -7.71   -8.60   -8.63   -7.66   -6.90   -7.67   -7.35   -5.89   -6.18
   -5.75   -5.18   -4.76   -3.56   -3.58   -3.66   -2.65   -1.62   -1.83   -2.19
   -1.55   -0.89   -1.26   -1.36   -0.80   -0.86   -1.04   -1.08   -0.37    0.01
   -0.75   -0.58   -0.37   -0.29    0.18   -0.45   -0.56   -0.17   -0.24   -0.35
   -0.23   -0.19   -0.44   -0.11    0.04    0.09    0.30    0.02    0.56    2.12
    1.15    0.64    2.77    3.01    2.43    2.63    2.74    3.03    3.77    3.56
    3.50    4.12    3.42    3.11    3.07    2.89    3.21    2.55    1.98    2.87
    2.93    1.67    1.16    1.77    1.72    0.90    0.84   -0.03   -0.71    0.14
    0.69    0.24    0.35    0.72    0.10    0.41    0.82    0.71    0.96    1.40
    1.71    1.34    1.71    2.14    1.82    2.10    1.97    1.79    2.04    1.98
    2.25    2.13    2.18    2.62    2.07    1.89    2.68    2.71    2.36    2.50
    2.75    2.45    2.31    2.48    2.88    3.27    3.12    3.05    2.84    3.15
    3.55    2.99    3.26    4.19    3.49    3.42    4.15    3.61    3.42    4.24
    4.24    2.75    3.12    3.77    2.69    2.25    2.08    1.56    0.87    0.72
    0.79    0.36   -0.39   -0.64   -0.15   -1.05   -1.78   -1.32   -2.02   -2.76
   -3.49   -3.41   -2.67   -3.88   -5.08   -5.71   -6.01   -5.66   -6.63   -6.76
   -6.68   -6.59   -6.30   -6.92   -5.84   -5.79   -6.10   -5.18   -5.35   -4.83
   -4.47   -4.15   -3.01   -3.91   -4.13   -3.03   -3.58   -4.75   -4.45   -3.25
   -3.82   -4.13   -4.09   -4.26   -3.90   -4.40   -5.16   -5.30   -5.15   -4.94
   -4.73   -5.29   -4.95   -4.12   -4.49   -3.96   -2.95   -2.57   -2.15   -1.65
   -0.85   -0.16    0.96    1.81    1.47    1.33    1.28    2.10    2.94    2.22
    1.52    1.99    2.58    2.17    1.79    1.95    1.96    2.04    1.97    1.65
    1.68    1.37    1.33    1.73    1.49    1.61    2.42    2.92    2.22    1.72
    2.52    3.07    3.25    3.43    3.56    2.95    5.33    5.99    2.00    3.29
    5.28    4.17    4.09    4.53    4.19    4.58    5.05    4.30    4.78    4.71
    4.72    5.57    5.38    4.69    3.92    3.73    3.27    2.46    2.19    2.29
    1.68    0.55    0.74    0.55    0.21    0.77   -0.32   -0.48    0.47   -0.29
   -0.66   -0.34   -0.35   -0.12   -0.15   -1.25   -1.64   -1.50   -1.17   -0.44
   -0.21   -0.38    0.00    0.18   -1.09   -1.05   -0.42   -1.05   -1.24   -0.93
   -1.99   -2.41   -1.26   -1.56   -2.39   -2.23   -1.85   -1.50   -1.69   -1.97
   -1.43   -0.73   -0.76   -1.08    0.01    0.35   -0.38    0.40    1.23    0.89
    0.71    1.98    2.23    1.65    1.79    1.88    2.15    2.19    2.16    1.95
    2.23    2.90    2.25    2.25    2.72    1.89    2.84    4.19    3.52    3.52
    4.20    4.23    4.65    4.90    5.61    5.92    5.61    6.23    6.30    6.69
    6.38    5.78    6.22    6.60    6.85    6.47    6.08    6.64    6.17    5.12
    6.28    6.43    6.96    6.86    5.12    5.86    5.65    5.41    5.34    5.22
    6.32    5.78    5.17    5.33    4.77    4.49    4.82    4.90    3.97    3.29
    4.37    4.55    3.21    2.93    2.79    2.12    1.80    1.99    1.77    2.68
    2.52    1.29    2.45    2.28    1.24    1.98    2.09    1.15    2.19    2.40
    1.41    1.42    1.08    1.01    1.07    0.50    0.12    1.12    0.72   -1.18
   -0.30   -0.65   -2.80   -2.08   -1.44   -3.17   -4.08   -3.46   -4.19   -4.80
   -5.21   -5.42   -5.15   -5.97   -6.19   -6.58   -6.30   -5.00   -5.73   -5.80
   -4.71   -4.39   -3.82   -3.68   -2.81   -2.72   -2.97   -1.17   -1.23   -1.83
   -0.77   -0.55   -1.36   -0.84   -0.97   -2.30   -1.94   -1.66   -1.65   -1.86
   -2.18   -1.90   -2.10   -2.18   -1.74   -1.66   -1.41   -0.94   -0.37    0.63
    0.71   -0.04    0.51    0.24   -1.15   -0.20    0.17   -1.35   -1.31   -0.08
   -0.61   -1.77   -1.32   -0.51   -0.73   -1.26   -0.99