YEAR=1989 JULIAN DAY=291 HOUR= 0 MINUTE= 4 SECOND= 0 COMPONENT= 333
 SAMPLES/SEC=200 FILTER TYPE=BUTTERWORTH  CORNER= 0.10 ROP  =4 DATA TYPE=VL
 NO OF POINTS=  7827, UNITS=CM/SEC**2, CM/SEC, AND CM
  -1.194  -1.180  -1.177  -1.172  -1.166  -1.166  -1.169  -1.172  -1.177  -1.182
  -1.182  -1.179  -1.175  -1.170  -1.162  -1.147  -1.137  -1.128  -1.114  -1.098
  -1.079  -1.052  -1.021  -0.982  -0.936  -0.889  -0.836  -0.782  -0.734  -0.689
  -0.645  -0.610  -0.584  -0.558  -0.536  -0.526  -0.516  -0.511  -0.516  -0.525
  -0.536  -0.548  -0.563  -0.579  -0.594  -0.608  -0.620  -0.632  -0.646  -0.656
  -0.662  -0.665  -0.665  -0.660  -0.649  -0.635  -0.624  -0.609  -0.594  -0.581
  -0.563  -0.547  -0.537  -0.525  -0.517  -0.519  -0.514  -0.500  -0.486  -0.470
  -0.449  -0.427  -0.406  -0.382  -0.357  -0.335  -0.321  -0.306  -0.298  -0.293
  -0.283  -0.285  -0.298  -0.305  -0.318  -0.338  -0.364  -0.396  -0.427  -0.452
  -0.476  -0.502  -0.520  -0.528  -0.531  -0.523  -0.507  -0.484  -0.454  -0.419
  -0.380  -0.336  -0.285  -0.230  -0.171  -0.110  -0.050   0.012   0.065   0.100
   0.123   0.138   0.142   0.137   0.122   0.098   0.069   0.038   0.010  -0.017
  -0.048  -0.071  -0.088  -0.107  -0.103  -0.090  -0.091  -0.083  -0.073  -0.068
  -0.059  -0.049  -0.038  -0.025  -0.014   0.000   0.018   0.041   0.075   0.122
   0.173   0.230   0.299   0.375   0.457   0.543   0.629   0.716   0.802   0.881
   0.956   1.022   1.078   1.133   1.182   1.221   1.258   1.292   1.318   1.334
   1.339   1.331   1.306   1.271   1.229   1.178   1.124   1.075   1.030   0.989
   0.955   0.930   0.912   0.902   0.904   0.913   0.928   0.951   0.976   1.003
   1.032   1.060   1.084   1.101   1.114   1.122   1.123   1.117   1.105   1.090
   1.070   1.049   1.028   1.008   0.992   0.977   0.963   0.954   0.945   0.933
   0.918   0.904   0.891   0.876   0.862   0.855   0.849   0.845   0.851   0.859
   0.872   0.893   0.921   0.951   0.979   1.008   1.035   1.060   1.086   1.109
   1.131   1.158   1.189   1.227   1.276   1.331   1.394   1.468   1.558   1.660
   1.765   1.873   1.983   2.089   2.184   2.263   2.327   2.383   2.427   2.465
   2.503   2.535   2.559   2.580   2.605   2.622   2.631   2.643   2.653   2.648
   2.644   2.642   2.632   2.621   2.613   2.594   2.570   2.548   2.530   2.510
   2.487   2.462   2.432   2.403   2.377   2.350   2.322   2.297   2.274   2.252
   2.232   2.209   2.186   2.159   2.123   2.079   2.030   1.976   1.920   1.862
   1.811   1.769   1.735   1.717   1.718   1.742   1.786   1.834   1.889   1.955
   2.020   2.088   2.160   2.229   2.295   2.361   2.426   2.487   2.543   2.597
   2.649   2.698   2.746   2.785   2.810   2.813   2.792   2.763   2.731   2.688
   2.640   2.596   2.556   2.522   2.494   2.467   2.445   2.427   2.407   2.393
   2.383   2.369   2.357   2.346   2.329   2.311   2.296   2.282   2.271   2.269
   2.273   2.284   2.305   2.329   2.355   2.388   2.422   2.453   2.488   2.530
   2.576   2.623   2.672   2.724   2.776   2.833   2.895   2.961   3.027   3.096
   3.170   3.240   3.307   3.372   3.422   3.457   3.482   3.497   3.499   3.495
   3.488   3.472   3.452   3.426   3.392   3.352   3.311   3.261   3.205   3.146
   3.079   3.003   2.924   2.843   2.759   2.677   2.597   2.516   2.438   2.367
   2.306   2.255   2.221   2.207   2.203   2.209   2.222   2.240   2.263   2.295
   2.336   2.382   2.429   2.486   2.556   2.638   2.735   2.842   2.960   3.090
   3.223   3.356   3.497   3.643   3.787   3.936   4.091   4.249   4.410   4.577
   4.749   4.925   5.104   5.275   5.437   5.598   5.748   5.884   6.008   6.116
   6.203   6.268   6.309   6.333   6.347   6.341   6.314   6.273   6.222   6.157
   6.078   5.995   5.905   5.804   5.700   5.596   5.487   5.380   5.280   5.181
   5.083   4.991   4.901   4.808   4.707   4.597   4.477   4.354   4.226   4.091
   3.954   3.820   3.685   3.552   3.428   3.311   3.199   3.108   3.048   3.015
   3.012   3.043   3.108   3.199   3.302   3.407   3.518   3.634   3.748   3.857
   3.965   4.071   4.177   4.281   4.387   4.495   4.599   4.702   4.803   4.899
   4.985   5.058   5.126   5.192   5.258   5.325   5.398   5.485   5.583   5.692
   5.822   5.975   6.142   6.320   6.511   6.710   6.907   7.099   7.281   7.448
   7.593   7.706   7.783   7.838   7.864   7.858   7.824   7.770   7.707   7.629
   7.536   7.437   7.332   7.220   7.106   6.986   6.859   6.728   6.595   6.454
   6.303   6.151   5.998   5.843   5.684   5.517   5.341   5.157   4.963   4.768
   4.571   4.373   4.180   3.995   3.821   3.672   3.556   3.461   3.384   3.317
   3.253   3.194   3.134   3.069   3.005   2.945   2.895   2.860   2.851   2.868
   2.899   2.936   2.981   3.028   3.081   3.146   3.219   3.293   3.374   3.463
   3.555   3.649   3.742   3.836   3.936   4.050   4.186   4.346   4.537   4.756
   5.002   5.265   5.529   5.797   6.068   6.329   6.573   6.797   6.989   7.153
   7.293   7.409   7.514   7.609   7.696   7.778   7.859   7.946   8.031   8.112
   8.195   8.266   8.309   8.323   8.296   8.213   8.085   7.918   7.712   7.476
   7.220   6.947   6.662   6.376   6.086   5.789   5.489   5.187   4.880   4.573
   4.266   3.960   3.663   3.380   3.105   2.846   2.616   2.407   2.220   2.060
   1.932   1.843   1.797   1.796   1.839   1.921   2.033   2.163   2.304   2.459
   2.625   2.793   2.959   3.125   3.292   3.460   3.629   3.806   3.993   4.190
   4.394   4.617   4.860   5.105   5.347   5.593   5.847   6.090   6.315   6.524
   6.705   6.861   7.009   7.146   7.272   7.401   7.529   7.650   7.773   7.899
   8.017   8.123   8.209   8.264   8.288   8.288   8.262   8.204   8.117   8.009
   7.874   7.714   7.531   7.325   7.095   6.841   6.562   6.263   5.949   5.625
   5.297   4.968   4.634   4.302   3.973   3.639   3.305   2.964   2.602   2.218
   1.816   1.396   0.962   0.521   0.074  -0.378  -0.829  -1.267  -1.680  -2.046
  -2.356  -2.608  -2.776  -2.864  -2.901  -2.894  -2.843  -2.760  -2.663  -2.559
  -2.442  -2.324  -2.215  -2.113  -2.017  -1.924  -1.837  -1.747  -1.648  -1.547
  -1.447  -1.342  -1.233  -1.126  -1.026  -0.930  -0.837  -0.743  -0.658  -0.590
  -0.543  -0.532  -0.582  -0.707  -0.907  -1.176  -1.498  -1.876  -2.316  -2.788
  -3.289  -3.820  -4.367  -4.926  -5.497  -6.076  -6.661  -7.254  -7.848  -8.443
  -9.041  -9.643 -10.246 -10.851 -11.454 -12.064 -12.681 -13.296 -13.911 -14.527
 -15.130 -15.723 -16.299 -16.841 -17.355 -17.832 -18.266 -18.659 -18.996 -19.293
 -19.567 -19.810 -20.016 -20.183 -20.298 -20.340 -20.290 -20.144 -19.896 -19.534
 -19.069 -18.526 -17.899 -17.189 -16.411 -15.571 -14.695 -13.782 -12.814 -11.819
 -10.812  -9.783  -8.734  -7.665  -6.579  -5.492  -4.394  -3.279  -2.158  -1.039
   0.080   1.202   2.322   3.427   4.518   5.613   6.702   7.762   8.799   9.804
  10.756  11.641  12.435  13.097  13.614  13.988  14.211  14.314  14.316  14.205
  14.003  13.729  13.365  12.914  12.394  11.805  11.155  10.453   9.709   8.932
   8.123   7.273   6.401   5.524   4.632   3.727   2.816   1.885   0.925  -0.046
  -1.024  -2.014  -3.023  -4.039  -5.040  -6.023  -6.988  -7.939  -8.871  -9.775
 -10.667 -11.537 -12.374 -13.198 -13.999 -14.759 -15.496 -16.219 -16.932 -17.638
 -18.320 -18.937 -19.455 -19.898 -20.274 -20.549 -20.738 -20.862 -20.907 -20.889
 -20.828 -20.722 -20.565 -20.357 -20.108 -19.816 -19.485 -19.107 -18.670 -18.196
 -17.687 -17.121 -16.513 -15.875 -15.174 -14.416 -13.624 -12.785 -11.906 -10.999
 -10.050  -9.061  -8.038  -6.979  -5.893  -4.787  -3.662  -2.547  -1.458  -0.438
   0.425   1.146   1.774   2.293   2.690   2.996   3.234   3.405   3.512   3.531
   3.457   3.327   3.143   2.904   2.610   2.251   1.840   1.387   0.886   0.346
  -0.227  -0.836  -1.472  -2.127  -2.795  -3.465  -4.136  -4.810  -5.472  -6.118
  -6.743  -7.327  -7.887  -8.440  -8.966  -9.458  -9.927 -10.383 -10.820 -11.229
 -11.614 -11.973 -12.295 -12.567 -12.782 -12.939 -13.019 -13.011 -12.937 -12.819
 -12.662 -12.491 -12.319 -12.141 -11.964 -11.790 -11.615 -11.443 -11.279 -11.117
 -10.958 -10.810 -10.673 -10.547 -10.439 -10.360 -10.311 -10.275 -10.248 -10.233
 -10.224 -10.217 -10.212 -10.193 -10.145 -10.061  -9.944  -9.802  -9.615  -9.377
  -9.106  -8.793  -8.439  -8.068  -7.695  -7.322  -6.939  -6.553  -6.175  -5.801
  -5.436  -5.086  -4.737  -4.382  -4.036  -3.700  -3.365  -3.028  -2.689  -2.348
  -2.007  -1.663  -1.315  -0.967  -0.631  -0.302   0.023   0.333   0.624   0.887
   1.108   1.272   1.385   1.465   1.501   1.488   1.448   1.393   1.327   1.258
   1.188   1.109   1.027   0.945   0.849   0.736   0.595   0.395   0.150  -0.133
  -0.466  -0.841  -1.239  -1.657  -2.093  -2.527  -2.953  -3.379  -3.796  -4.204
  -4.605  -4.995  -5.376  -5.742  -6.069  -6.349  -6.581  -6.741  -6.815  -6.813
  -6.758  -6.666  -6.536  -6.366  -6.149  -5.882  -5.568  -5.200  -4.778  -4.323
  -3.843  -3.336  -2.813  -2.287  -1.755  -1.222  -0.697  -0.169   0.358   0.879
   1.396   1.910   2.420   2.924   3.422   3.893   4.277   4.584   4.857   5.054
   5.139   5.131   5.045   4.889   4.675   4.404   4.055   3.620   3.112   2.542
   1.927   1.289   0.630  -0.040  -0.701  -1.339  -1.941  -2.511  -3.052  -3.565
  -4.046  -4.480  -4.875  -5.236  -5.551  -5.832  -6.080  -6.294  -6.484  -6.641
  -6.764  -6.852  -6.886  -6.866  -6.796  -6.671  -6.518  -6.355  -6.182  -6.006
  -5.833  -5.662  -5.499  -5.347  -5.200  -5.054  -4.905  -4.752  -4.606  -4.469
  -4.342  -4.234  -4.164  -4.149  -4.180  -4.237  -4.300  -4.365  -4.437  -4.507
  -4.563  -4.581  -4.553  -4.481  -4.365  -4.206  -4.010  -3.794  -3.555  -3.282
  -2.993  -2.686  -2.349  -1.989  -1.612  -1.221  -0.804  -0.369   0.074   0.522
   0.958   1.366   1.694   1.900   1.992   1.986   1.905   1.740   1.498   1.224
   0.919   0.585   0.248  -0.087  -0.426  -0.763  -1.075  -1.341  -1.531  -1.623
  -1.624  -1.506  -1.282  -0.986  -0.615  -0.199   0.232   0.681   1.146   1.614
   2.080   2.547   3.015   3.473   3.922   4.370   4.817   5.259   5.690   6.100
   6.460   6.746   6.966   7.113   7.182   7.188   7.145   7.046   6.876   6.655
   6.411   6.149   5.871   5.587   5.303   5.017   4.724   4.430   4.139   3.834
   3.512   3.180   2.840   2.481   2.109   1.732   1.344   0.944   0.534   0.111
  -0.327  -0.772  -1.227  -1.703  -2.194  -2.693  -3.198  -3.705  -4.221  -4.738
  -5.252  -5.761  -6.256  -6.733  -7.176  -7.565  -7.880  -8.097  -8.237  -8.321
  -8.329  -8.266  -8.144  -7.968  -7.749  -7.479  -7.139  -6.743  -6.315  -5.864
  -5.395  -4.918  -4.434  -3.940  -3.424  -2.854  -2.219  -1.535  -0.807  -0.038
   0.750   1.547   2.354   3.160   3.955   4.731   5.482   6.195   6.872   7.531
   8.164   8.762   9.323   9.854  10.360  10.830  11.263  11.670  12.041  12.357
  12.608  12.768  12.831  12.835  12.762  12.581  12.357  12.121  11.859  11.600
  11.366  11.146  10.936  10.736  10.523  10.284  10.018   9.699   9.314   8.877
   8.386   7.840   7.241   6.584   5.868   5.100   4.286   3.440   2.580   1.711
   0.857   0.050  -0.622  -1.106  -1.427  -1.561  -1.524  -1.378  -1.131  -0.787
  -0.372   0.077   0.545   1.028   1.499   1.939   2.331   2.662   2.948   3.214
   3.471   3.718   3.962   4.205   4.452   4.709   4.973   5.246   5.531   5.831
   6.150   6.478   6.804   7.114   7.394   7.623   7.778   7.875   7.939   7.929
   7.821   7.654   7.415   7.092   6.712   6.261   5.730   5.146   4.528   3.858
   3.121   2.339   1.521   0.656  -0.234  -1.134  -2.046  -2.959  -3.857  -4.706
  -5.480  -6.202  -6.873  -7.445  -7.911  -8.303  -8.599  -8.795  -8.926  -8.988
  -8.978  -8.906  -8.786  -8.624  -8.418  -8.177  -7.901  -7.593  -7.245  -6.851
  -6.415  -5.942  -5.426  -4.845  -4.200  -3.512  -2.776  -2.013  -1.245  -0.463
   0.335   1.144   1.963   2.790   3.626   4.460   5.284   6.092   6.871   7.587
   8.248   8.897   9.510  10.084  10.639  11.137  11.580  11.992  12.361  12.691
  12.992  13.262  13.511  13.745  13.964  14.162  14.330  14.450  14.485  14.432
  14.286  14.043  13.711  13.283  12.762  12.150  11.463  10.735   9.944   9.087
   8.177   7.203   6.176   5.100   3.969   2.789   1.565   0.298  -0.982  -2.282
  -3.607  -4.905  -6.183  -7.445  -8.637  -9.779 -10.878 -11.849 -12.679 -13.406
 -14.038 -14.593 -15.088 -15.535 -15.956 -16.362 -16.751 -17.128 -17.501 -17.860
 -18.191 -18.478 -18.720 -18.918 -19.071 -19.186 -19.262 -19.298 -19.305 -19.284
 -19.228 -19.144 -19.025 -18.855 -18.641 -18.390 -18.100 -17.784 -17.435 -17.054
 -16.659 -16.244 -15.810 -15.361 -14.895 -14.417 -13.919 -13.398 -12.866 -12.318
 -11.738 -11.115 -10.443  -9.727  -8.974  -8.175  -7.316  -6.407  -5.462  -4.476
  -3.459  -2.431  -1.390  -0.332   0.727   1.793   2.874   3.955   5.035   6.123
   7.210   8.294   9.378  10.466  11.546  12.607  13.631  14.547  15.351  16.124
  16.870  17.554  18.177  18.768  19.327  19.831  20.296  20.725  21.106  21.429
  21.684  21.873  21.976  21.973  21.865  21.674  21.407  21.066  20.670  20.216
  19.715  19.180  18.596  17.972  17.309  16.606  15.862  15.076  14.252  13.383
  12.475  11.531  10.558   9.567   8.548   7.509   6.473   5.436   4.397   3.364
   2.336   1.323   0.328  -0.656  -1.622  -2.562  -3.486  -4.384  -5.255  -6.105
  -6.925  -7.716  -8.473  -9.209  -9.914 -10.566 -11.179 -11.734 -12.231 -12.697
 -13.099 -13.430 -13.713 -13.930 -14.084 -14.187 -14.226 -14.175 -14.047 -13.876
 -13.642 -13.334 -12.975 -12.578 -12.141 -11.672 -11.184 -10.671 -10.147  -9.625
  -9.093  -8.547  -8.001  -7.456  -6.910  -6.371  -5.831  -5.290  -4.760  -4.235
  -3.714  -3.205  -2.700  -2.202  -1.716  -1.239  -0.772  -0.309   0.136   0.559
   0.979   1.387   1.768   2.126   2.461   2.766   3.047   3.306   3.534   3.729
   3.898   4.034   4.138   4.216   4.265   4.284   4.283   4.275   4.259   4.238
   4.209   4.177   4.163   4.162   4.162   4.195   4.292   4.434   4.605   4.825
   5.116   5.466   5.848   6.275   6.770   7.300   7.843   8.417   9.013   9.613
  10.219  10.832  11.451  12.079  12.707  13.333  13.952  14.555  15.142  15.679
  16.105  16.439  16.715  16.909  17.055  17.179  17.266  17.327  17.370  17.386
  17.366  17.309  17.204  17.063  16.896  16.681  16.412  16.119  15.810  15.471
  15.109  14.734  14.350  13.955  13.536  13.108  12.671  12.218  11.753  11.268
  10.777  10.283   9.765   9.242   8.726   8.204   7.668   7.118   6.580   6.038
   5.472   4.910   4.350   3.771   3.190   2.597   1.981   1.344   0.687   0.031
  -0.633  -1.324  -2.018  -2.705  -3.402  -4.108  -4.809  -5.505  -6.192  -6.874
  -7.538  -8.178  -8.823  -9.463 -10.070 -10.658 -11.238 -11.796 -12.331 -12.837
 -13.309 -13.736 -14.108 -14.427 -14.678 -14.855 -14.967 -15.007 -14.959 -14.843
 -14.684 -14.433 -14.089 -13.710 -13.286 -12.806 -12.294 -11.771 -11.241 -10.701
 -10.169  -9.646  -9.117  -8.607  -8.128  -7.646  -7.168  -6.705  -6.235  -5.751
  -5.261  -4.752  -4.207  -3.638  -3.036  -2.395  -1.715  -0.995  -0.227   0.597
   1.473   2.401   3.354   4.323   5.314   6.301   7.271   8.229   9.109   9.857
  10.547  11.159  11.634  11.999  12.243  12.381  12.449  12.435  12.322  12.123
  11.854  11.511  11.108  10.633  10.086   9.503   8.896   8.256   7.590   6.914
   6.235   5.562   4.882   4.198   3.533   2.886   2.250   1.618   0.995   0.384
  -0.228  -0.835  -1.438  -2.044  -2.649  -3.223  -3.728  -4.167  -4.570  -4.930
  -5.248  -5.528  -5.761  -5.959  -6.135  -6.291  -6.432  -6.565  -6.694  -6.823
  -6.952  -7.085  -7.237  -7.399  -7.549  -7.700  -7.861  -8.025  -8.198  -8.391
  -8.597  -8.827  -9.097  -9.385  -9.666  -9.946 -10.227 -10.497 -10.755 -10.995
 -11.204 -11.373 -11.485 -11.537 -11.529 -11.450 -11.290 -11.053 -10.748 -10.383
  -9.968  -9.508  -9.012  -8.497  -7.972  -7.437  -6.899  -6.375  -5.869  -5.409
  -5.030  -4.713  -4.439  -4.215  -4.044  -3.927  -3.851  -3.812  -3.797  -3.791
  -3.796  -3.806  -3.817  -3.833  -3.852  -3.858  -3.850  -3.830  -3.775  -3.675
  -3.533  -3.334  -3.077  -2.766  -2.392  -1.958  -1.468  -0.928  -0.353   0.251
   0.871   1.497   2.131   2.769   3.409   4.040   4.663   5.269   5.850   6.403
   6.931   7.426   7.878   8.297   8.662   8.976   9.271   9.524   9.743   9.953
  10.149  10.349  10.546  10.738  10.931  11.108  11.276  11.445  11.600  11.735
  11.863  11.984  12.080  12.164  12.244  12.299  12.341  12.378  12.400  12.415
  12.422  12.409  12.384  12.360  12.315  12.245  12.158  12.046  11.908  11.736
  11.532  11.298  11.045  10.781  10.502  10.214   9.916   9.599   9.265   8.924
   8.576   8.214   7.847   7.480   7.108   6.732   6.352   5.969   5.584   5.190
   4.793   4.393   3.980   3.559   3.130   2.680   2.212   1.711   1.168   0.587
  -0.040  -0.727  -1.467  -2.238  -3.026  -3.833  -4.657  -5.484  -6.304  -7.122
  -7.928  -8.702  -9.421 -10.088 -10.711 -11.275 -11.769 -12.192 -12.536 -12.806
 -13.013 -13.157 -13.228 -13.230 -13.155 -12.998 -12.785 -12.507 -12.146 -11.715
 -11.207 -10.649 -10.067  -9.416  -8.697  -7.948  -7.167  -6.353  -5.511  -4.651
  -3.787  -2.914  -2.042  -1.186  -0.354   0.446   1.200   1.920   2.630   3.316
   3.973   4.621   5.262   5.886   6.489   7.075   7.626   8.159   8.692   9.193
   9.646  10.051  10.406  10.707  10.956  11.160  11.304  11.384  11.403  11.363
  11.272  11.135  10.955  10.728  10.462  10.168   9.837   9.476   9.097   8.700
   8.281   7.859   7.441   7.011   6.580   6.157   5.740   5.349   5.007   4.726
   4.514   4.347   4.224   4.164   4.142   4.143   4.171   4.221   4.281   4.345
   4.411   4.480   4.548   4.603   4.636   4.642   4.614   4.564   4.493   4.393
   4.273   4.131   3.964   3.786   3.605   3.414   3.215   3.013   2.804   2.588
   2.377   2.165   1.947   1.726   1.501   1.275   1.049   0.816   0.583   0.364
   0.162   0.006  -0.080  -0.112  -0.086   0.004   0.153   0.345   0.577   0.852
   1.142   1.440   1.748   2.060   2.371   2.668   2.945   3.210   3.451   3.660
   3.858   4.045   4.199   4.324   4.434   4.515   4.559   4.570   4.552   4.522
   4.478   4.418   4.358   4.295   4.221   4.135   4.037   3.925   3.790   3.626
   3.441   3.220   2.959   2.672   2.346   1.976   1.570   1.135   0.673   0.182
  -0.326  -0.841  -1.361  -1.884  -2.398  -2.894  -3.361  -3.787  -4.174  -4.530
  -4.854  -5.147  -5.416  -5.663  -5.888  -6.091  -6.262  -6.393  -6.491  -6.555
  -6.575  -6.563  -6.535  -6.494  -6.444  -6.382  -6.316  -6.250  -6.182  -6.110
  -6.036  -5.964  -5.890  -5.815  -5.739  -5.662  -5.586  -5.507  -5.419  -5.322
  -5.216  -5.100  -4.969  -4.824  -4.675  -4.522  -4.361  -4.191  -4.015  -3.832
  -3.639  -3.431  -3.213  -2.995  -2.772  -2.544  -2.322  -2.117  -1.928  -1.762
  -1.620  -1.501  -1.410  -1.338  -1.266  -1.202  -1.145  -1.088  -1.032  -0.970
  -0.897  -0.813  -0.719  -0.626  -0.528  -0.424  -0.328  -0.243  -0.172  -0.123
  -0.096  -0.102  -0.143  -0.215  -0.328  -0.485  -0.672  -0.898  -1.169  -1.469
  -1.806  -2.179  -2.584  -3.030  -3.506  -4.006  -4.534  -5.082  -5.647  -6.231
  -6.822  -7.415  -8.013  -8.610  -9.194  -9.757 -10.289 -10.775 -11.210 -11.593
 -11.914 -12.165 -12.351 -12.484 -12.570 -12.620 -12.634 -12.610 -12.560 -12.486
 -12.391 -12.269 -12.126 -11.974 -11.809 -11.627 -11.434 -11.229 -11.012 -10.785
 -10.547 -10.298 -10.041  -9.779  -9.512  -9.241  -8.962  -8.676  -8.378  -8.072
  -7.749  -7.408  -7.053  -6.676  -6.280  -5.877  -5.471  -5.053  -4.624  -4.195
  -3.765  -3.328  -2.890  -2.462  -2.038  -1.623  -1.232  -0.866  -0.522  -0.209
   0.068   0.325   0.559   0.761   0.940   1.101   1.237   1.347   1.438   1.507
   1.554   1.583   1.600   1.617   1.622   1.605   1.586   1.567   1.538   1.505
   1.472   1.436   1.389   1.336   1.294   1.275   1.274   1.302   1.364   1.449
   1.550   1.667   1.800   1.941   2.090   2.244   2.394   2.552   2.721   2.893
   3.072   3.259   3.448   3.639   3.832   4.024   4.214   4.404   4.598   4.796
   4.996   5.203   5.427   5.668   5.922   6.193   6.482   6.777   7.074   7.376
   7.679   7.976   8.262   8.528   8.762   8.958   9.106   9.198   9.247   9.253
   9.206   9.105   8.956   8.767   8.547   8.303   8.043   7.777   7.514   7.255
   7.008   6.784   6.582   6.412   6.282   6.190   6.128   6.101   6.106   6.134
   6.176   6.230   6.292   6.338   6.374   6.411   6.434   6.438   6.433   6.423
   6.406   6.380   6.353   6.336   6.336   6.355   6.412   6.510   6.645   6.821
   7.039   7.290   7.565   7.851   8.157   8.481   8.807   9.130   9.444   9.738
  10.005  10.238  10.437  10.600  10.717  10.785  10.815  10.803  10.745  10.649
  10.517  10.353  10.175   9.988   9.792   9.594   9.398   9.204   9.015   8.830
   8.655   8.490   8.327   8.168   8.012   7.860   7.712   7.563   7.414   7.264
   7.113   6.960   6.801   6.637   6.475   6.305   6.115   5.911   5.690   5.440
   5.166   4.867   4.534   4.173   3.781   3.357   2.914   2.453   1.973   1.474
   0.958   0.429  -0.112  -0.671  -1.241  -1.813  -2.389  -2.967  -3.546  -4.123
  -4.691  -5.245  -5.780  -6.291  -6.776  -7.221  -7.626  -7.996  -8.318  -8.589
  -8.836  -9.054  -9.231  -9.383  -9.516  -9.626  -9.724  -9.813  -9.890  -9.954
 -10.005 -10.046 -10.082 -10.114 -10.135 -10.149 -10.162 -10.172 -10.171 -10.159
 -10.138 -10.100 -10.039  -9.954  -9.840  -9.702  -9.536  -9.337  -9.110  -8.853
  -8.567  -8.261  -7.931  -7.577  -7.213  -6.840  -6.456  -6.066  -5.680  -5.295
  -4.907  -4.527  -4.160  -3.804  -3.470  -3.163  -2.878  -2.614  -2.376  -2.155
  -1.944  -1.748  -1.568  -1.394  -1.229  -1.081  -0.947  -0.825  -0.717  -0.623
  -0.542  -0.474  -0.417  -0.365  -0.318  -0.279  -0.244  -0.210  -0.173  -0.129
  -0.079  -0.024   0.038   0.095   0.136   0.167   0.182   0.174   0.141   0.076
  -0.022  -0.155  -0.314  -0.502  -0.722  -0.968  -1.240  -1.531  -1.832  -2.143
  -2.464  -2.785  -3.093  -3.387  -3.658  -3.900  -4.113  -4.302  -4.460  -4.593
  -4.713  -4.822  -4.925  -5.035  -5.151  -5.275  -5.413  -5.563  -5.723  -5.892
  -6.064  -6.231  -6.393  -6.547  -6.680  -6.787  -6.881  -6.958  -7.008  -7.040
  -7.053  -7.039  -6.998  -6.937  -6.857  -6.757  -6.649  -6.534  -6.414  -6.299
  -6.189  -6.077  -5.970  -5.871  -5.774  -5.676  -5.584  -5.490  -5.389  -5.283
  -5.164  -5.027  -4.875  -4.704  -4.506  -4.279  -4.024  -3.739  -3.419  -3.068
  -2.687  -2.273  -1.835  -1.380  -0.912  -0.444   0.014   0.450   0.836   1.146
   1.380   1.538   1.643   1.690   1.681   1.641   1.576   1.492   1.403   1.311
   1.222   1.139   1.072   1.031   1.014   1.028   1.078   1.157   1.274   1.424
   1.584   1.761   1.954   2.140   2.303   2.450   2.556   2.609   2.623   2.581
   2.493   2.382   2.239   2.075   1.906   1.731   1.555   1.387   1.228   1.086
   0.966   0.860   0.763   0.670   0.576   0.483   0.389   0.290   0.186   0.067
  -0.070  -0.221  -0.391  -0.583  -0.792  -1.022  -1.268  -1.526  -1.796  -2.085
  -2.385  -2.691  -3.014  -3.351  -3.692  -4.041  -4.398  -4.761  -5.125  -5.491
  -5.857  -6.223  -6.587  -6.944  -7.282  -7.599  -7.893  -8.154  -8.368  -8.533
  -8.653  -8.723  -8.742  -8.715  -8.641  -8.526  -8.369  -8.179  -7.959  -7.702
  -7.418  -7.117  -6.804  -6.471  -6.118  -5.763  -5.405  -5.029  -4.637  -4.236
  -3.832  -3.415  -2.983  -2.547  -2.104  -1.647  -1.181  -0.701  -0.218   0.268
   0.769   1.276   1.780   2.291   2.806   3.317   3.823   4.329   4.829   5.314
   5.791   6.256   6.698   7.116   7.507   7.862   8.173   8.446   8.677   8.854
   8.980   9.060   9.091   9.088   9.049   8.966   8.852   8.717   8.564   8.400
   8.226   8.038   7.842   7.646   7.445   7.235   7.024   6.812   6.598   6.383
   6.168   5.951   5.733   5.517   5.303   5.089   4.883   4.680   4.478   4.299
   4.133   3.965   3.817   3.682   3.543   3.402   3.264   3.128   2.987   2.837
   2.676   2.503   2.322   2.132   1.930   1.705   1.466   1.211   0.927   0.615
   0.276  -0.082  -0.447  -0.824  -1.212  -1.595  -1.968  -2.336  -2.688  -3.005
  -3.292  -3.547  -3.772  -3.973  -4.143  -4.282  -4.399  -4.490  -4.548  -4.584
  -4.598  -4.584  -4.543  -4.483  -4.401  -4.298  -4.179  -4.044  -3.895  -3.733
  -3.562  -3.386  -3.203  -3.015  -2.832  -2.648  -2.464  -2.292  -2.128  -1.972
  -1.837  -1.727  -1.650  -1.598  -1.573  -1.577  -1.600  -1.641  -1.701  -1.773
  -1.854  -1.943  -2.036  -2.128  -2.217  -2.304  -2.384  -2.445  -2.474  -2.479
  -2.457  -2.406  -2.334  -2.243  -2.143  -2.042  -1.933  -1.821  -1.706  -1.591
  -1.488  -1.395  -1.311  -1.248  -1.208  -1.188  -1.181  -1.194  -1.231  -1.282
  -1.340  -1.406  -1.477  -1.550  -1.625  -1.702  -1.775  -1.839  -1.896  -1.935
  -1.954  -1.955  -1.936  -1.902  -1.849  -1.775  -1.697  -1.608  -1.502  -1.396
  -1.291  -1.178  -1.059  -0.935  -0.806  -0.675  -0.544  -0.413  -0.290  -0.174
  -0.060   0.053   0.162   0.267   0.370   0.472   0.573   0.672   0.772   0.875
   0.978   1.083   1.187   1.285   1.377   1.465   1.542   1.605   1.652   1.667
   1.660   1.640   1.602   1.547   1.481   1.408   1.331   1.251   1.172   1.094
   1.021   0.954   0.890   0.830   0.772   0.719   0.672   0.625   0.575   0.524
   0.469   0.406   0.332   0.251   0.162   0.060  -0.057  -0.189  -0.333  -0.486
  -0.650  -0.824  -1.004  -1.191  -1.380  -1.571  -1.768  -1.966  -2.164  -2.361
  -2.554  -2.738  -2.912  -3.084  -3.256  -3.414  -3.556  -3.691  -3.812  -3.912
  -3.995  -4.058  -4.095  -4.098  -4.067  -4.008  -3.918  -3.790  -3.627  -3.430
  -3.207  -2.961  -2.693  -2.404  -2.104  -1.803  -1.497  -1.186  -0.876  -0.574
  -0.288  -0.024   0.215   0.433   0.626   0.790   0.931   1.055   1.165   1.259
   1.340   1.417   1.488   1.549   1.604   1.650   1.681   1.695   1.702   1.707
   1.705   1.697   1.688   1.674   1.656   1.637   1.615   1.589   1.558   1.517
   1.465   1.407   1.342   1.265   1.174   1.071   0.956   0.833   0.701   0.560
   0.417   0.273   0.130  -0.013  -0.144  -0.263  -0.369  -0.447  -0.501  -0.534
  -0.546  -0.544  -0.530  -0.513  -0.496  -0.479  -0.461  -0.452  -0.447  -0.440
  -0.433  -0.425  -0.414  -0.394  -0.365  -0.333  -0.295  -0.251  -0.205  -0.158
  -0.108  -0.060  -0.015   0.030   0.075   0.120   0.167   0.218   0.274   0.336
   0.402   0.475   0.555   0.644   0.749   0.870   1.000   1.141   1.292   1.442
   1.592   1.747   1.897   2.039   2.177   2.305   2.423   2.529   2.617   2.690
   2.754   2.801   2.836   2.863   2.876   2.874   2.867   2.860   2.843   2.818
   2.790   2.756   2.714   2.661   2.592   2.512   2.417   2.299   2.164   2.016
   1.855   1.681   1.501   1.319   1.137   0.959   0.788   0.623   0.469   0.328
   0.190   0.054  -0.078  -0.210  -0.344  -0.484  -0.626  -0.767  -0.911  -1.056
  -1.198  -1.339  -1.476  -1.607  -1.735  -1.861  -1.985  -2.108  -2.232  -2.363
  -2.495  -2.625  -2.756  -2.887  -3.015  -3.141  -3.266  -3.387  -3.497  -3.598
  -3.689  -3.769  -3.837  -3.892  -3.931  -3.957  -3.967  -3.961  -3.939  -3.898
  -3.838  -3.765  -3.679  -3.578  -3.463  -3.337  -3.200  -3.042  -2.869  -2.693
  -2.510  -2.311  -2.099  -1.884  -1.661  -1.428  -1.190  -0.948  -0.700  -0.446
  -0.187   0.069   0.323   0.579   0.830   1.073   1.308   1.533   1.745   1.937
   2.111   2.271   2.422   2.556   2.674   2.790   2.900   2.999   3.091   3.177
   3.254   3.317   3.370   3.418   3.461   3.499   3.531   3.554   3.568   3.574
   3.569   3.550   3.517   3.473   3.420   3.357   3.272   3.174   3.079   2.976
   2.863   2.747   2.627   2.507   2.387   2.268   2.151   2.035   1.930   1.842
   1.765   1.699   1.649   1.612   1.581   1.554   1.533   1.515   1.492   1.468
   1.445   1.418   1.382   1.336   1.286   1.227   1.158   1.093   1.028   0.958
   0.891   0.825   0.757   0.690   0.622   0.554   0.489   0.422   0.355   0.290
   0.222   0.152   0.071  -0.014  -0.097  -0.185  -0.278  -0.376  -0.476  -0.581
  -0.690  -0.801  -0.914  -1.026  -1.135  -1.239  -1.327  -1.395  -1.441  -1.452
  -1.430  -1.381  -1.302  -1.194  -1.061  -0.906  -0.734  -0.552  -0.361  -0.165
   0.030   0.226   0.424   0.618   0.805   0.982   1.144   1.284   1.403   1.506
   1.592   1.658   1.711   1.753   1.784   1.810   1.836   1.842   1.835   1.840
   1.838   1.829   1.817   1.797   1.769   1.732   1.689   1.638   1.574   1.502
   1.424   1.331   1.227   1.121   1.011   0.899   0.790   0.695   0.629   0.598
   0.605   0.645   0.713   0.804   0.910   1.024   1.145   1.267   1.392   1.519
   1.642   1.760   1.876   1.984   2.077   2.153   2.205   2.240   2.260   2.260
   2.241   2.205   2.155   2.097   2.028   1.944   1.857   1.766   1.668   1.567
   1.463   1.355   1.247   1.139   1.035   0.933   0.835   0.743   0.659   0.580
   0.512   0.459   0.419   0.389   0.371   0.361   0.354   0.351   0.356   0.367
   0.380   0.394   0.407   0.421   0.434   0.439   0.440   0.434   0.417   0.394
   0.357   0.314   0.273   0.229   0.190   0.162   0.138   0.128   0.144   0.186
   0.250   0.327   0.426   0.540   0.659   0.793   0.934   1.074   1.219   1.361
   1.501   1.639   1.771   1.893   2.009   2.113   2.210   2.308   2.398   2.475
   2.542   2.605   2.668   2.725   2.777   2.827   2.878   2.932   2.986   3.041
   3.105   3.174   3.249   3.331   3.412   3.491   3.568   3.635   3.688   3.721
   3.720   3.692   3.635   3.536   3.413   3.265   3.077   2.869   2.665   2.450
   2.224   2.001   1.779   1.555   1.340   1.140   0.953   0.780   0.623   0.484
   0.366   0.268   0.188   0.126   0.081   0.052   0.034   0.020   0.011   0.006
  -0.001  -0.004  -0.008  -0.018  -0.028  -0.040  -0.059  -0.079  -0.103  -0.131
  -0.161  -0.191  -0.220  -0.247  -0.270  -0.285  -0.291  -0.289  -0.274  -0.247
  -0.212  -0.167  -0.121  -0.074  -0.023   0.027   0.075   0.121   0.158   0.182
   0.200   0.209   0.208   0.204   0.193   0.173   0.149   0.120   0.087   0.053
   0.021  -0.011  -0.046  -0.081  -0.110  -0.139  -0.173  -0.204  -0.233  -0.265
  -0.301  -0.342  -0.390  -0.447  -0.515  -0.593  -0.676  -0.767  -0.866  -0.968
  -1.074  -1.183  -1.292  -1.403  -1.512  -1.618  -1.723  -1.830  -1.936  -2.035
  -2.134  -2.229  -2.313  -2.384  -2.439  -2.476  -2.494  -2.492  -2.473  -2.436
  -2.388  -2.334  -2.274  -2.211  -2.150  -2.093  -2.034  -1.977  -1.931  -1.889
  -1.852  -1.818  -1.784  -1.751  -1.719  -1.689  -1.658  -1.621  -1.580  -1.533
  -1.483  -1.429  -1.373  -1.315  -1.252  -1.184  -1.117  -1.054  -0.990  -0.929
  -0.874  -0.821  -0.773  -0.736  -0.705  -0.681  -0.675  -0.680  -0.683  -0.697
  -0.724  -0.754  -0.789  -0.827  -0.867  -0.908  -0.947  -0.981  -1.009  -1.034
  -1.054  -1.066  -1.071  -1.074  -1.076  -1.073  -1.062  -1.051  -1.041  -1.029
  -1.019  -1.014  -1.014  -1.018  -1.022  -1.028  -1.040  -1.053  -1.064  -1.070
  -1.071  -1.072  -1.063  -1.038  -1.012  -0.983  -0.943  -0.898  -0.850  -0.798
  -0.747  -0.690  -0.630  -0.569  -0.505  -0.445  -0.387  -0.323  -0.262  -0.203
  -0.144  -0.083  -0.018   0.052   0.124   0.198   0.276   0.361   0.451   0.547
   0.645   0.741   0.835   0.930   1.020   1.098   1.161   1.210   1.245   1.258
   1.259   1.252   1.227   1.189   1.143   1.085   1.019   0.948   0.870   0.790
   0.709   0.624   0.538   0.454   0.370   0.289   0.217   0.152   0.107   0.087
   0.087   0.099   0.128   0.171   0.219   0.269   0.324   0.385   0.447   0.506
   0.565   0.631   0.698   0.766   0.834   0.901   0.968   1.032   1.093   1.153
   1.209   1.260   1.309   1.352   1.388   1.420   1.443   1.452   1.451   1.441
   1.416   1.377   1.330   1.271   1.200   1.123   1.043   0.960   0.875   0.790
   0.703   0.613   0.522   0.431   0.339   0.248   0.157   0.062  -0.038  -0.143
  -0.245  -0.339  -0.431  -0.521  -0.605  -0.687  -0.765  -0.835  -0.895  -0.945
  -0.983  -1.004  -1.015  -1.016  -1.001  -0.977  -0.945  -0.897  -0.840  -0.787
  -0.726  -0.660  -0.595  -0.528  -0.461  -0.398  -0.333  -0.267  -0.205  -0.147
  -0.091  -0.040   0.011   0.060   0.105   0.144   0.180   0.211   0.234   0.247
   0.251   0.250   0.240   0.220   0.190   0.153   0.110   0.061   0.009  -0.045
  -0.105  -0.165  -0.222  -0.271  -0.315  -0.362  -0.410  -0.454  -0.492  -0.526
  -0.559  -0.593  -0.629  -0.667  -0.709  -0.750  -0.790  -0.834  -0.883  -0.930
  -0.978  -1.026  -1.076  -1.126  -1.172  -1.213  -1.250  -1.280  -1.301  -1.315
  -1.319  -1.314  -1.303  -1.286  -1.265  -1.240  -1.207  -1.164  -1.112  -1.054
  -0.990  -0.914  -0.829  -0.741  -0.653  -0.561  -0.461  -0.354  -0.248  -0.143
  -0.037   0.070   0.171   0.266   0.356   0.439   0.512   0.575   0.626   0.671
   0.709   0.738   0.758   0.772   0.782   0.789   0.786   0.778   0.766   0.751
   0.733   0.715   0.694   0.673   0.653   0.634   0.614   0.595   0.579   0.565
   0.551   0.536   0.521   0.508   0.491   0.472   0.453   0.432   0.403   0.363
   0.315   0.251   0.171   0.083  -0.010  -0.112  -0.222  -0.338  -0.459  -0.583
  -0.706  -0.828  -0.952  -1.077  -1.201  -1.320  -1.436  -1.547  -1.650  -1.747
  -1.841  -1.930  -2.012  -2.094  -2.175  -2.251  -2.328  -2.403  -2.476  -2.548
  -2.617  -2.681  -2.741  -2.792  -2.829  -2.857  -2.882  -2.900  -2.905  -2.901
  -2.890  -2.870  -2.839  -2.805  -2.765  -2.717  -2.665  -2.611  -2.553  -2.495
  -2.435  -2.370  -2.307  -2.248  -2.192  -2.142  -2.098  -2.059  -2.024  -1.996
  -1.979  -1.965  -1.956  -1.952  -1.955  -1.963  -1.978  -2.000  -2.025  -2.049
  -2.078  -2.110  -2.140  -2.170  -2.199  -2.227  -2.252  -2.276  -2.297  -2.313
  -2.331  -2.351  -2.370  -2.392  -2.423  -2.460  -2.503  -2.551  -2.604  -2.659
  -2.719  -2.785  -2.848  -2.911  -2.974  -3.033  -3.084  -3.127  -3.163  -3.187
  -3.199  -3.200  -3.186  -3.158  -3.112  -3.050  -2.978  -2.891  -2.794  -2.692
  -2.580  -2.463  -2.343  -2.222  -2.099  -1.979  -1.859  -1.738  -1.624  -1.515
  -1.406  -1.300  -1.200  -1.104  -1.007  -0.910  -0.815  -0.719  -0.620  -0.520
  -0.419  -0.313  -0.208  -0.105   0.001   0.102   0.198   0.294   0.387   0.478
   0.568   0.652   0.731   0.809   0.884   0.951   1.015   1.074   1.124   1.169
   1.213   1.253   1.292   1.327   1.355   1.375   1.392   1.402   1.409   1.411
   1.404   1.392   1.374   1.350   1.320   1.286   1.250   1.212   1.170   1.122
   1.072   1.023   0.970   0.915   0.856   0.793   0.724   0.650   0.575   0.504
   0.435   0.369   0.305   0.241   0.177   0.116   0.063   0.014  -0.037  -0.084
  -0.126  -0.170  -0.212  -0.250  -0.286  -0.321  -0.357  -0.390  -0.418  -0.442
  -0.463  -0.481  -0.496  -0.509  -0.521  -0.531  -0.534  -0.537  -0.540  -0.537
  -0.533  -0.531  -0.530  -0.527  -0.523  -0.516  -0.512  -0.510  -0.506  -0.502
  -0.495  -0.486  -0.477  -0.462  -0.446  -0.430  -0.406  -0.376  -0.348  -0.319
  -0.281  -0.237  -0.187  -0.130  -0.070  -0.003   0.074   0.154   0.237   0.329
   0.428   0.528   0.634   0.747   0.867   0.999   1.138   1.281   1.440   1.612
   1.792   1.980   2.180   2.385   2.587   2.790   2.999   3.208   3.414   3.620
   3.825   4.024   4.221   4.410   4.587   4.754   4.906   5.040   5.162   5.269
   5.357   5.431   5.490   5.541   5.586   5.616   5.631   5.642   5.651   5.650
   5.641   5.626   5.602   5.568   5.521   5.467   5.404   5.328   5.245   5.153
   5.048   4.934   4.812   4.683   4.545   4.401   4.256   4.107   3.952   3.797
   3.643   3.489   3.336   3.186   3.042   2.906   2.778   2.659   2.551   2.456
   2.372   2.297   2.236   2.187   2.144   2.108   2.082   2.059   2.042   2.027
   2.014   2.006   2.004   2.003   2.005   2.009   2.018   2.033   2.051   2.072
   2.098   2.127   2.158   2.192   2.228   2.265   2.305   2.348   2.390   2.432
   2.478   2.523   2.567   2.613   2.662   2.710   2.758   2.806   2.847   2.882
   2.918   2.950   2.970   2.985   2.995   2.996   2.990   2.982   2.971   2.957
   2.941   2.922   2.900   2.876   2.847   2.812   2.773   2.728   2.677   2.620
   2.553   2.478   2.392   2.297   2.193   2.072   1.936   1.792   1.638   1.478
   1.314   1.141   0.961   0.775   0.586   0.394   0.202   0.008  -0.185  -0.373
  -0.557  -0.733  -0.900  -1.059  -1.205  -1.339  -1.462  -1.572  -1.667  -1.748
  -1.816  -1.873  -1.918  -1.951  -1.976  -1.994  -2.001  -2.000  -1.993  -1.984
  -1.973  -1.958  -1.943  -1.929  -1.912  -1.893  -1.874  -1.855  -1.832  -1.809
  -1.785  -1.760  -1.734  -1.705  -1.677  -1.650  -1.623  -1.597  -1.573  -1.551
  -1.531  -1.515  -1.503  -1.492  -1.481  -1.471  -1.464  -1.463  -1.464  -1.466
  -1.472  -1.479  -1.489  -1.504  -1.521  -1.538  -1.557  -1.580  -1.601  -1.625
  -1.654  -1.677  -1.693  -1.711  -1.733  -1.753  -1.769  -1.782  -1.790  -1.788
  -1.780  -1.767  -1.746  -1.717  -1.682  -1.641  -1.599  -1.558  -1.514  -1.468
  -1.423  -1.377  -1.336  -1.298  -1.266  -1.240  -1.222  -1.205  -1.184  -1.159
  -1.132  -1.096  -1.052  -1.004  -0.947  -0.887  -0.822  -0.752  -0.682  -0.608
  -0.533  -0.459  -0.385  -0.313  -0.246  -0.186  -0.131  -0.081  -0.035   0.002
   0.028   0.049   0.060   0.065   0.065   0.058   0.049   0.037   0.021   0.005
  -0.011  -0.027  -0.045  -0.065  -0.088  -0.112  -0.136  -0.163  -0.194  -0.227
  -0.260  -0.296  -0.334  -0.375  -0.419  -0.467  -0.513  -0.560  -0.607  -0.654
  -0.699  -0.738  -0.774  -0.805  -0.827  -0.842  -0.851  -0.854  -0.852  -0.844
  -0.832  -0.817  -0.797  -0.774  -0.748  -0.716  -0.681  -0.641  -0.593  -0.538
  -0.477  -0.401  -0.311  -0.219  -0.121  -0.015   0.094   0.207   0.326   0.448
   0.569   0.689   0.811   0.931   1.047   1.163   1.276   1.383   1.483   1.578
   1.667   1.751   1.824   1.885   1.940   1.987   2.022   2.045   2.057   2.063
   2.064   2.057   2.046   2.033   2.013   1.988   1.961   1.931   1.898   1.862
   1.826   1.786   1.741   1.695   1.650   1.601   1.548   1.496   1.444   1.391
   1.339   1.285   1.230   1.178   1.126   1.074   1.027   0.983   0.944   0.910
   0.879   0.850   0.824   0.801   0.779   0.754   0.729   0.703   0.676   0.647
   0.616   0.580   0.545   0.512   0.475   0.438   0.400   0.360   0.321   0.283
   0.242   0.203   0.166   0.128   0.092   0.058   0.028  -0.002  -0.030  -0.057
  -0.083  -0.110  -0.137  -0.166  -0.194  -0.227  -0.264  -0.298  -0.334  -0.372
  -0.405  -0.436  -0.467  -0.496  -0.527  -0.556  -0.581  -0.608  -0.640  -0.666
  -0.686  -0.711  -0.739  -0.762  -0.783  -0.806  -0.825  -0.843  -0.865  -0.885
  -0.899  -0.911  -0.921  -0.922  -0.918  -0.913  -0.903  -0.885  -0.861  -0.828
  -0.786  -0.740  -0.686  -0.626  -0.565  -0.496  -0.425  -0.355  -0.278  -0.197
  -0.119  -0.039   0.041   0.115   0.186   0.252   0.310   0.360   0.404   0.440
   0.466   0.486   0.501   0.509   0.514   0.513   0.506   0.497   0.487   0.471
   0.453   0.435   0.415   0.392   0.366   0.338   0.303   0.264   0.219   0.168
   0.115   0.056  -0.010  -0.078  -0.147  -0.220  -0.296  -0.370  -0.442  -0.513
  -0.580  -0.641  -0.697  -0.746  -0.786  -0.820  -0.846  -0.868  -0.885  -0.895
  -0.899  -0.899  -0.894  -0.887  -0.876  -0.860  -0.843  -0.826  -0.807  -0.786
  -0.764  -0.738  -0.708  -0.679  -0.648  -0.613  -0.580  -0.545  -0.505  -0.464
  -0.420  -0.372  -0.321  -0.264  -0.204  -0.141  -0.077  -0.013   0.052   0.117
   0.182   0.244   0.302   0.354   0.402   0.441   0.470   0.490   0.504   0.515
   0.518   0.514   0.504   0.491   0.476   0.457   0.438   0.419   0.398   0.377
   0.358   0.341   0.323   0.309   0.296   0.284   0.270   0.255   0.239   0.220
   0.198   0.175   0.147   0.115   0.086   0.054   0.017  -0.018  -0.054  -0.087
  -0.116  -0.140  -0.160  -0.178  -0.195  -0.208  -0.218  -0.229  -0.237  -0.242
  -0.246  -0.247  -0.246  -0.246  -0.248  -0.249  -0.248  -0.244  -0.237  -0.228
  -0.218  -0.203  -0.186  -0.168  -0.145  -0.118  -0.086  -0.049  -0.007   0.040
   0.093   0.152   0.215   0.279   0.348   0.419   0.493   0.566   0.636   0.704
   0.769   0.832   0.891   0.943   0.982   1.014   1.042   1.063   1.079   1.088
   1.092   1.094   1.091   1.081   1.068   1.052   1.033   1.014   0.988   0.958
   0.930   0.900   0.864   0.824   0.782   0.733   0.677   0.620   0.564   0.507
   0.450   0.393   0.335   0.277   0.221   0.168   0.115   0.063   0.013  -0.035
  -0.080  -0.124  -0.165  -0.202  -0.237  -0.268  -0.298  -0.326  -0.350  -0.370
  -0.392  -0.412  -0.429  -0.444  -0.458  -0.467  -0.475  -0.479  -0.477  -0.469
  -0.458  -0.441  -0.416  -0.385  -0.349  -0.314  -0.273  -0.222  -0.168  -0.113
  -0.058   0.000   0.055   0.104   0.152   0.195   0.229   0.259   0.289   0.315
   0.335   0.351   0.365   0.377   0.391   0.403   0.413   0.422   0.432   0.441
   0.450   0.453   0.452   0.451   0.440   0.418   0.394   0.365   0.325   0.280
   0.227   0.167   0.104   0.032  -0.050  -0.135  -0.223  -0.317  -0.413  -0.508
  -0.602  -0.695  -0.784  -0.866  -0.940  -1.007  -1.068  -1.122  -1.167  -1.205
  -1.237  -1.268  -1.296  -1.319  -1.338  -1.360  -1.380  -1.400  -1.416  -1.431
  -1.446  -1.460  -1.474  -1.485  -1.494  -1.503  -1.507  -1.509  -1.508  -1.503
  -1.497  -1.488  -1.475  -1.463  -1.448  -1.430  -1.411  -1.388  -1.362  -1.334
  -1.302  -1.265  -1.227  -1.185  -1.142  -1.097  -1.051  -1.006  -0.960  -0.918
  -0.879  -0.844  -0.814  -0.788  -0.769  -0.757  -0.752  -0.750  -0.751  -0.757
  -0.771  -0.783  -0.789  -0.796  -0.805  -0.813  -0.818  -0.822  -0.825  -0.825
  -0.823  -0.820  -0.813  -0.806  -0.799  -0.790  -0.782  -0.775  -0.770  -0.765
  -0.758  -0.755  -0.757  -0.758  -0.759  -0.761  -0.765  -0.769  -0.775  -0.783
  -0.791  -0.797  -0.809  -0.825  -0.845  -0.872  -0.902  -0.932  -0.971  -1.011
  -1.048  -1.089  -1.134  -1.180  -1.228  -1.277  -1.330  -1.386  -1.438  -1.493
  -1.549  -1.601  -1.653  -1.705  -1.751  -1.794  -1.836  -1.872  -1.900  -1.922
  -1.937  -1.943  -1.949  -1.953  -1.953  -1.949  -1.944  -1.939  -1.932  -1.923
  -1.911  -1.893  -1.872  -1.845  -1.811  -1.771  -1.723  -1.669  -1.612  -1.547
  -1.472  -1.394  -1.312  -1.226  -1.137  -1.045  -0.949  -0.854  -0.756  -0.660
  -0.565  -0.471  -0.378  -0.287  -0.201  -0.121  -0.049   0.020   0.082   0.135
   0.185   0.228   0.265   0.299   0.324   0.343   0.361   0.373   0.375   0.371
   0.363   0.346   0.320   0.289   0.250   0.205   0.155   0.097   0.032  -0.037
  -0.110  -0.187  -0.265  -0.347  -0.431  -0.516  -0.602  -0.692  -0.782  -0.873
  -0.962  -1.047  -1.132  -1.218  -1.305  -1.390  -1.470  -1.547  -1.619  -1.685
  -1.744  -1.797  -1.844  -1.883  -1.914  -1.936  -1.951  -1.959  -1.959  -1.951
  -1.933  -1.900  -1.859  -1.813  -1.757  -1.694  -1.623  -1.545  -1.457  -1.363
  -1.261  -1.154  -1.046  -0.934  -0.818  -0.699  -0.578  -0.456  -0.336  -0.214
  -0.093   0.022   0.133   0.242   0.346   0.445   0.538   0.630   0.719   0.801
   0.878   0.953   1.023   1.088   1.148   1.202   1.251   1.298   1.340   1.375
   1.406   1.430   1.448   1.465   1.480   1.491   1.499   1.506   1.509   1.508
   1.506   1.501   1.495   1.487   1.475   1.460   1.441   1.416   1.385   1.351
   1.313   1.266   1.213   1.156   1.092   1.020   0.943   0.862   0.772   0.674
   0.570   0.463   0.348   0.227   0.105  -0.018  -0.145  -0.273  -0.401  -0.530
  -0.655  -0.774  -0.893  -1.014  -1.129  -1.240  -1.350  -1.454  -1.551  -1.640
  -1.719  -1.790  -1.855  -1.912  -1.959  -1.997  -2.024  -2.043  -2.051  -2.052
  -2.045  -2.031  -2.013  -1.989  -1.961  -1.931  -1.899  -1.866  -1.831  -1.795
  -1.757  -1.721  -1.688  -1.656  -1.625  -1.598  -1.576  -1.561  -1.549  -1.538
  -1.531  -1.529  -1.529  -1.530  -1.535  -1.541  -1.547  -1.553  -1.557  -1.561
  -1.566  -1.568  -1.568  -1.570  -1.572  -1.570  -1.567  -1.566  -1.562  -1.558
  -1.555  -1.552  -1.549  -1.545  -1.541  -1.536  -1.531  -1.525  -1.520  -1.521
  -1.522  -1.523  -1.526  -1.530  -1.536  -1.544  -1.551  -1.556  -1.562  -1.565
  -1.564  -1.562  -1.555  -1.543  -1.528  -1.508  -1.481  -1.449  -1.412  -1.369
  -1.322  -1.272  -1.217  -1.158  -1.099  -1.037  -0.971  -0.906  -0.842  -0.779
  -0.716  -0.652  -0.589  -0.529  -0.475  -0.424  -0.372  -0.321  -0.274  -0.229
  -0.187  -0.148  -0.111  -0.077  -0.047  -0.021   0.000   0.020   0.038   0.051
   0.063   0.075   0.086   0.098   0.108   0.117   0.125   0.133   0.145   0.159
   0.174   0.189   0.203   0.215   0.225   0.233   0.243   0.249   0.248   0.244
   0.241   0.234   0.226   0.217   0.203   0.188   0.174   0.159   0.142   0.123
   0.107   0.091   0.071   0.052   0.032   0.011  -0.013  -0.040  -0.067  -0.092
  -0.116  -0.141  -0.167  -0.193  -0.216  -0.235  -0.253  -0.269  -0.282  -0.289
  -0.290  -0.287  -0.279  -0.264  -0.244  -0.215  -0.179  -0.136  -0.086  -0.030
   0.031   0.102   0.179   0.257   0.340   0.430   0.521   0.614   0.712   0.813
   0.917   1.021   1.126   1.235   1.343   1.446   1.551   1.656   1.752   1.843
   1.934   2.021   2.099   2.170   2.237   2.292   2.339   2.380   2.417   2.448
   2.472   2.490   2.502   2.505   2.500   2.488   2.472   2.449   2.418   2.384
   2.346   2.301   2.249   2.195   2.138   2.075   2.003   1.930   1.859   1.783
   1.703   1.627   1.553   1.474   1.395   1.314   1.239   1.168   1.097   1.032
   0.975   0.924   0.876   0.832   0.794   0.761   0.733   0.709   0.688   0.668
   0.651   0.636   0.624   0.611   0.602   0.596   0.590   0.585   0.583   0.583
   0.584   0.589   0.596   0.606   0.620   0.633   0.648   0.668   0.691   0.712
   0.735   0.760   0.781   0.801   0.823   0.839   0.853   0.867   0.881   0.893
   0.906   0.922   0.944   0.969   1.000   1.037   1.080   1.130   1.185   1.245
   1.310   1.380   1.452   1.526   1.601   1.676   1.752   1.827   1.898   1.968
   2.037   2.107   2.171   2.227   2.280   2.328   2.370   2.406   2.437   2.466
   2.490   2.508   2.523   2.533   2.535   2.532   2.523   2.507   2.483   2.456
   2.424   2.380   2.331   2.277   2.219   2.158   2.086   2.014   1.945   1.871
   1.801   1.731   1.663   1.597   1.533   1.472   1.413   1.358   1.306   1.256
   1.207   1.162   1.119   1.076   1.035   0.996   0.956   0.916   0.876   0.835
   0.792   0.750   0.708   0.666   0.623   0.582   0.545   0.509   0.476   0.446
   0.420   0.397   0.376   0.361   0.349   0.337   0.329   0.324   0.319   0.317
   0.317   0.315   0.314   0.315   0.314   0.313   0.313   0.309   0.303   0.297
   0.290   0.281   0.273   0.264   0.254   0.246   0.239   0.234   0.229   0.228
   0.233   0.239   0.244   0.253   0.261   0.266   0.274   0.283   0.289   0.293
   0.295   0.300   0.310   0.317   0.323   0.327   0.331   0.335   0.337   0.339
   0.340   0.338   0.336   0.332   0.323   0.315   0.309   0.305   0.301   0.297
   0.292   0.290   0.288   0.286   0.286   0.283   0.274   0.257   0.238   0.218
   0.192   0.162   0.127   0.089   0.043  -0.008  -0.057  -0.107  -0.161  -0.214
  -0.269  -0.322  -0.373  -0.425  -0.475  -0.520  -0.561  -0.598  -0.632  -0.665
  -0.696  -0.727  -0.758  -0.787  -0.815  -0.840  -0.862  -0.882  -0.902  -0.925
  -0.948  -0.969  -0.989  -1.008  -1.025  -1.040  -1.055  -1.073  -1.093  -1.110
  -1.125  -1.138  -1.145  -1.151  -1.155  -1.156  -1.154  -1.147  -1.135  -1.123
  -1.108  -1.090  -1.070  -1.047  -1.022  -0.996  -0.967  -0.938  -0.915  -0.894
  -0.866  -0.834  -0.806  -0.778  -0.748  -0.716  -0.686  -0.657  -0.628  -0.600
  -0.570  -0.542  -0.514  -0.484  -0.460  -0.446  -0.435  -0.424  -0.419  -0.416
  -0.410  -0.413  -0.428  -0.447  -0.470  -0.496  -0.525  -0.559  -0.597  -0.640
  -0.685  -0.731  -0.776  -0.822  -0.869  -0.911  -0.952  -0.991  -1.027  -1.055
  -1.078  -1.100  -1.121  -1.140  -1.156  -1.170  -1.183  -1.196  -1.212  -1.229
  -1.248  -1.271  -1.297  -1.327  -1.362  -1.397  -1.433  -1.474  -1.519  -1.568
  -1.613  -1.654  -1.698  -1.741  -1.782  -1.821  -1.855  -1.889  -1.921  -1.949
  -1.975  -1.999  -2.021  -2.041  -2.056  -2.068  -2.083  -2.098  -2.111  -2.122
  -2.130  -2.138  -2.149  -2.156  -2.158  -2.154  -2.147  -2.136  -2.117  -2.092
  -2.057  -2.017  -1.971  -1.914  -1.852  -1.785  -1.712  -1.635  -1.556  -1.475
  -1.392  -1.309  -1.228  -1.148  -1.070  -0.994  -0.920  -0.843  -0.767  -0.695
  -0.621  -0.540  -0.459  -0.379  -0.301  -0.226  -0.152  -0.077  -0.005   0.064
   0.133   0.200   0.267   0.330   0.391   0.451   0.507   0.561   0.617   0.673
   0.724   0.774   0.824   0.863   0.896   0.926   0.947   0.964   0.979   0.985
   0.985   0.983   0.979   0.971   0.960   0.949   0.935   0.918   0.905   0.891
   0.877   0.863   0.847   0.832   0.816   0.799   0.778   0.754   0.727   0.696
   0.666   0.632   0.598   0.564   0.524   0.481   0.443   0.408   0.373   0.338
   0.307   0.281   0.263   0.247   0.236   0.234   0.233   0.237   0.248   0.260
   0.273   0.288   0.304   0.321   0.336   0.349   0.362   0.370   0.374   0.376
   0.377   0.376   0.372   0.367   0.366   0.365   0.366   0.369   0.374   0.384
   0.398   0.415   0.437   0.463   0.490   0.517   0.544   0.572   0.597   0.620
   0.641   0.658   0.674   0.686   0.686   0.679   0.671   0.660   0.642   0.621
   0.601   0.581   0.559   0.540   0.527   0.518   0.510   0.507   0.506   0.511
   0.521   0.531   0.543   0.557   0.571   0.582   0.595   0.603   0.610   0.620
   0.628   0.635   0.644   0.651   0.658   0.667   0.674   0.681   0.689   0.700
   0.713   0.727   0.743   0.761   0.783   0.811   0.842   0.874   0.909   0.950
   1.002   1.054   1.102   1.151   1.196   1.242   1.292   1.339   1.383   1.427
   1.469   1.506   1.539   1.570   1.601   1.632   1.661   1.687   1.713   1.742
   1.773   1.805   1.838   1.867   1.895   1.926   1.955   1.980   2.005   2.024
   2.039   2.050   2.053   2.051   2.044   2.031   2.012   1.989   1.958   1.920
   1.882   1.837   1.787   1.734   1.679   1.620   1.558   1.496   1.433   1.370
   1.306   1.245   1.186   1.127   1.068   1.012   0.953   0.888   0.824   0.766
   0.705   0.640   0.578   0.521   0.464   0.405   0.348   0.294   0.241   0.189
   0.142   0.095   0.049   0.005  -0.036  -0.074  -0.111  -0.149  -0.185  -0.215
  -0.239  -0.261  -0.279  -0.295  -0.307  -0.314  -0.317  -0.317  -0.313  -0.307
  -0.297  -0.288  -0.279  -0.268  -0.258  -0.252  -0.246  -0.239  -0.233  -0.226
  -0.218  -0.209  -0.200  -0.190  -0.177  -0.164  -0.150  -0.137  -0.123  -0.108
  -0.095  -0.086  -0.079  -0.075  -0.069  -0.066  -0.074  -0.086  -0.095  -0.110
  -0.130  -0.151  -0.176  -0.205  -0.237  -0.270  -0.306  -0.344  -0.384  -0.426
  -0.467  -0.510  -0.554  -0.598  -0.643  -0.689  -0.732  -0.779  -0.826  -0.869
  -0.915  -0.963  -1.009  -1.055  -1.105  -1.154  -1.204  -1.255  -1.306  -1.359
  -1.412  -1.461  -1.509  -1.557  -1.610  -1.662  -1.711  -1.760  -1.811  -1.861
  -1.907  -1.953  -1.997  -2.040  -2.079  -2.116  -2.150  -2.180  -2.204  -2.223
  -2.238  -2.245  -2.244  -2.239  -2.227  -2.208  -2.186  -2.157  -2.119  -2.076
  -2.026  -1.970  -1.908  -1.840  -1.768  -1.692  -1.614  -1.531  -1.444  -1.357
  -1.268  -1.177  -1.084  -0.986  -0.886  -0.788  -0.687  -0.587  -0.489  -0.391
  -0.296  -0.201  -0.110  -0.028   0.053   0.133   0.200   0.260   0.320   0.370
   0.412   0.452   0.486   0.511   0.531   0.544   0.554   0.560   0.558   0.550
   0.537   0.518   0.497   0.472   0.439   0.404   0.368   0.329   0.290   0.249
   0.208   0.168   0.129   0.090   0.054   0.021  -0.013  -0.042  -0.068  -0.094
  -0.119  -0.139  -0.161  -0.184  -0.205  -0.224  -0.244  -0.261  -0.275  -0.289
  -0.300  -0.303  -0.303  -0.300  -0.298  -0.295  -0.289  -0.278  -0.264  -0.249
  -0.231  -0.209  -0.183  -0.156  -0.130  -0.102  -0.074  -0.050  -0.023   0.005
   0.028   0.049   0.069   0.088   0.106   0.124   0.136   0.145   0.156   0.170
   0.183   0.196   0.213   0.231   0.248   0.266   0.289   0.314   0.340   0.367
   0.401   0.435   0.469   0.507   0.544   0.578   0.613   0.650   0.685   0.719
   0.753   0.785   0.815   0.843   0.869   0.889   0.906   0.920   0.931   0.938
   0.942   0.945   0.948   0.948   0.946   0.946   0.944   0.942   0.941   0.943
   0.945   0.947   0.950   0.957   0.966   0.979   0.996   1.015   1.037   1.060
   1.085   1.114   1.146   1.179   1.213   1.248   1.284   1.319   1.354   1.389
   1.423   1.453   1.481   1.507   1.529   1.550   1.565   1.575   1.580   1.581
   1.582   1.584   1.584   1.581   1.578   1.571   1.564   1.557   1.548   1.538
   1.531   1.526   1.522   1.516   1.510   1.508   1.506   1.505   1.505   1.505
   1.509   1.518   1.528   1.530   1.530   1.534   1.535   1.536   1.538   1.540
   1.545   1.552   1.561   1.568   1.575   1.584   1.595   1.606   1.617   1.630
   1.646   1.663   1.680   1.697   1.718   1.740   1.760   1.777   1.797   1.818
   1.835   1.852   1.872   1.892   1.912   1.931   1.952   1.973   1.994   2.016
   2.039   2.061   2.084   2.108   2.131   2.154   2.179   2.205   2.228   2.250
   2.270   2.289   2.306   2.322   2.336   2.347   2.353   2.359   2.363   2.362
   2.358   2.349   2.338   2.323   2.304   2.281   2.254   2.222   2.189   2.148
   2.106   2.062   2.012   1.963   1.914   1.861   1.807   1.756   1.705   1.654
   1.607   1.568   1.532   1.493   1.454   1.417   1.383   1.350   1.321   1.293
   1.264   1.235   1.207   1.177   1.150   1.119   1.084   1.051   1.019   0.985
   0.952   0.920   0.887   0.856   0.824   0.789   0.753   0.718   0.686   0.655
   0.625   0.594   0.564   0.534   0.502   0.468   0.436   0.405   0.370   0.333
   0.295   0.258   0.221   0.180   0.140   0.100   0.063   0.026  -0.010  -0.045
  -0.078  -0.110  -0.141  -0.171  -0.201  -0.231  -0.263  -0.293  -0.322  -0.349
  -0.379  -0.409  -0.438  -0.468  -0.498  -0.527  -0.555  -0.584  -0.614  -0.641
  -0.668  -0.695  -0.722  -0.744  -0.764  -0.783  -0.799  -0.810  -0.820  -0.826
  -0.832  -0.837  -0.835  -0.830  -0.827  -0.825  -0.820  -0.814  -0.814  -0.812
  -0.809  -0.811  -0.818  -0.827  -0.835  -0.846  -0.861  -0.876  -0.891  -0.909
  -0.925  -0.936  -0.945  -0.957  -0.973  -0.989  -1.006  -1.024  -1.043  -1.061
  -1.079  -1.108  -1.137  -1.158  -1.183  -1.213  -1.244  -1.275  -1.306  -1.337
  -1.369  -1.403  -1.439  -1.472  -1.504  -1.540  -1.580  -1.620  -1.657  -1.694
  -1.728  -1.762  -1.796  -1.827  -1.861  -1.895  -1.928  -1.959  -1.991  -2.025
  -2.060  -2.092  -2.124  -2.160  -2.200  -2.239  -2.276  -2.313  -2.353  -2.394
  -2.434  -2.472  -2.508  -2.546  -2.585  -2.622  -2.656  -2.689  -2.725  -2.760
  -2.792  -2.823  -2.852  -2.881  -2.910  -2.937  -2.962  -2.986  -3.013  -3.039
  -3.058  -3.074  -3.090  -3.107  -3.119  -3.126  -3.135  -3.142  -3.143  -3.140
  -3.140  -3.139  -3.134  -3.128  -3.118  -3.104  -3.092  -3.077  -3.058  -3.036
  -3.012  -2.987  -2.962  -2.932  -2.897  -2.863  -2.826  -2.785  -2.743  -2.701
  -2.653  -2.597  -2.541  -2.487  -2.430  -2.377  -2.325  -2.272  -2.217  -2.160
  -2.104  -2.049  -1.995  -1.940  -1.886  -1.833  -1.779  -1.730  -1.681  -1.633
  -1.591  -1.552  -1.511  -1.475  -1.440  -1.404  -1.374  -1.346  -1.316  -1.284
  -1.254  -1.223  -1.189  -1.156  -1.125  -1.092  -1.058  -1.025  -0.992  -0.959
  -0.928  -0.899  -0.873  -0.847  -0.821  -0.796  -0.775  -0.754  -0.732  -0.710
  -0.690  -0.671  -0.651  -0.629  -0.610  -0.591  -0.572  -0.552  -0.534  -0.518
  -0.501  -0.485  -0.469  -0.456  -0.442  -0.427  -0.416  -0.405  -0.393  -0.382
  -0.368  -0.352  -0.334  -0.313  -0.291  -0.266  -0.240  -0.214  -0.186  -0.156
  -0.125  -0.093  -0.060  -0.027   0.005   0.040   0.075   0.107   0.140   0.174
   0.208   0.242   0.274   0.305   0.337   0.371   0.405   0.436   0.466   0.494
   0.522   0.552   0.583   0.607   0.625   0.640   0.654   0.664   0.671   0.675
   0.677   0.675   0.669   0.661   0.651   0.641   0.630   0.615   0.601   0.587
   0.574   0.562   0.552   0.544   0.536   0.527   0.519   0.512   0.506   0.502
   0.500   0.498   0.494   0.491   0.484   0.475   0.468   0.458   0.444   0.431
   0.418   0.402   0.387   0.372   0.358   0.343   0.327   0.313   0.302   0.291
   0.277   0.264   0.252   0.241   0.229   0.218   0.207   0.194   0.181   0.170
   0.159   0.152   0.147   0.140   0.137   0.137   0.139   0.145   0.153   0.162
   0.174   0.189   0.204   0.220   0.239   0.259   0.276   0.292   0.307   0.318
   0.333   0.348   0.359   0.371   0.380   0.390   0.404   0.416   0.426   0.437
   0.448   0.459   0.468   0.477   0.488   0.499   0.507   0.516   0.526   0.534
   0.540   0.548   0.559   0.567   0.571   0.575   0.578   0.581   0.582   0.584
   0.588   0.589   0.591   0.594   0.595   0.597   0.599   0.601   0.601   0.600
   0.599   0.596   0.590   0.582   0.573   0.561   0.542   0.520   0.498   0.477
   0.456   0.436   0.413   0.391   0.369   0.347   0.323   0.302   0.281   0.259
   0.238   0.218   0.198   0.179   0.161   0.142   0.127   0.111   0.094   0.078
   0.063   0.049   0.034   0.016  -0.002  -0.019  -0.038  -0.060  -0.081  -0.102
  -0.125  -0.148  -0.171  -0.194  -0.216  -0.236  -0.255  -0.276  -0.294  -0.311
  -0.326  -0.341  -0.357  -0.369  -0.379  -0.389  -0.394  -0.398  -0.400  -0.395
  -0.390  -0.382  -0.372  -0.360  -0.348  -0.332  -0.313  -0.291  -0.265  -0.241
  -0.215  -0.184  -0.151  -0.119  -0.083  -0.045  -0.009   0.031   0.074   0.116
   0.158   0.203   0.251   0.301   0.345   0.384   0.420   0.458   0.496   0.531
   0.566   0.601   0.633   0.662   0.690   0.719   0.745   0.770   0.793   0.813
   0.831   0.849   0.863   0.873   0.881   0.887   0.885   0.875   0.865   0.854
   0.838   0.818   0.795   0.769   0.737   0.701   0.664   0.625   0.581   0.531
   0.480   0.430   0.378   0.322   0.266   0.211   0.155   0.099   0.047  -0.006
  -0.058  -0.106  -0.152  -0.197  -0.238  -0.277  -0.316  -0.353  -0.387  -0.419
  -0.451  -0.482  -0.510  -0.539  -0.567  -0.591  -0.614  -0.637  -0.660  -0.682
  -0.700  -0.714  -0.728  -0.740  -0.748  -0.750  -0.747  -0.741  -0.732  -0.720
  -0.704  -0.684  -0.661  -0.634  -0.604  -0.574  -0.541  -0.506  -0.470  -0.433
  -0.394  -0.353  -0.311  -0.270  -0.230  -0.186  -0.143  -0.101  -0.057  -0.013
   0.031   0.083   0.140   0.193   0.247   0.301   0.357   0.414   0.467   0.524
   0.584   0.639   0.692   0.746   0.796   0.844   0.891   0.931   0.966   0.998
   1.028   1.051   1.066   1.081   1.093   1.097   1.098   1.095   1.090   1.087
   1.081   1.076   1.074   1.066   1.055   1.048   1.039   1.025   1.012   1.001
   0.987   0.973   0.958   0.941   0.921   0.904   0.886   0.865   0.844   0.823
   0.800   0.777   0.754   0.729   0.701   0.676   0.650   0.620   0.591   0.562
   0.533   0.503   0.472   0.441   0.411   0.384   0.358   0.330   0.302   0.276
   0.249   0.226   0.208   0.190   0.171   0.157   0.150   0.143   0.137   0.134
   0.133   0.134   0.138   0.143   0.151   0.160   0.169   0.177   0.186   0.195
   0.206   0.218   0.225   0.231   0.243   0.255   0.264   0.274   0.286   0.296
   0.305   0.316   0.329   0.343   0.355   0.364   0.373   0.388   0.399   0.405
   0.415   0.427   0.434   0.442   0.453   0.466   0.475   0.483   0.493   0.502
   0.510   0.518   0.528   0.534   0.538   0.549   0.558   0.558   0.556   0.558
   0.562   0.568   0.573   0.575   0.576   0.577   0.578   0.574   0.563   0.551
   0.539   0.524   0.503   0.479   0.455   0.431   0.404   0.375   0.349   0.324
   0.295   0.268   0.243   0.217   0.192   0.169   0.146   0.126   0.106   0.088
   0.073   0.058   0.047   0.037   0.028   0.020   0.014   0.010   0.005   0.000
  -0.003  -0.008  -0.013  -0.016  -0.021  -0.025  -0.027  -0.027  -0.026  -0.026
  -0.026  -0.022  -0.015  -0.012  -0.008  -0.001   0.009   0.020   0.030   0.042
   0.056   0.070   0.086   0.103   0.119   0.134   0.150   0.166   0.180   0.195
   0.213   0.230   0.248   0.267   0.281   0.293   0.305   0.314   0.324   0.331
   0.335   0.340   0.343   0.343   0.343   0.341   0.335   0.327   0.318   0.306
   0.292   0.276   0.258   0.241   0.226   0.207   0.183   0.161   0.139   0.119
   0.103   0.087   0.072   0.060   0.048   0.042   0.038   0.027   0.017   0.015
   0.007  -0.001  -0.007  -0.015  -0.023  -0.030  -0.039  -0.050  -0.061  -0.070
  -0.079  -0.089  -0.100  -0.105  -0.110  -0.116  -0.121  -0.125  -0.125  -0.123
  -0.120  -0.112  -0.101  -0.089  -0.072  -0.050  -0.025   0.001   0.031   0.066
   0.101   0.136   0.175   0.216   0.257   0.296   0.335   0.371   0.404   0.438
   0.473   0.505   0.533   0.560   0.588   0.610   0.630   0.648   0.665   0.678
   0.691   0.703   0.711   0.718   0.726   0.731   0.735   0.741   0.745   0.745
   0.744   0.748   0.754   0.753   0.748   0.743   0.736   0.724   0.713   0.699
   0.680   0.662   0.645   0.627   0.608   0.587   0.564   0.544   0.527   0.507
   0.486   0.465   0.444   0.423   0.402   0.379   0.352   0.320   0.290   0.260
   0.231   0.204   0.176   0.145   0.115   0.085   0.053   0.021  -0.012  -0.048
  -0.085  -0.121  -0.157  -0.196  -0.235  -0.272  -0.312  -0.352  -0.392  -0.434
  -0.477  -0.517  -0.557  -0.600  -0.641  -0.677  -0.714  -0.751  -0.784  -0.814
  -0.844  -0.871  -0.896  -0.917  -0.935  -0.953  -0.968  -0.979  -0.988  -0.998
  -1.007  -1.013  -1.018  -1.025  -1.030  -1.034  -1.039  -1.044  -1.048  -1.049
  -1.050  -1.054  -1.056  -1.057  -1.058  -1.058  -1.061  -1.062  -1.063  -1.065
  -1.066  -1.067  -1.069  -1.070  -1.070  -1.070  -1.069  -1.068  -1.066  -1.060
  -1.051  -1.047  -1.038  -1.024  -1.010  -0.997  -0.984  -0.969  -0.952  -0.934
  -0.916  -0.897  -0.878  -0.862  -0.846  -0.831  -0.816  -0.801  -0.790  -0.778
  -0.763  -0.752  -0.745  -0.737  -0.728  -0.722  -0.717  -0.715  -0.717  -0.718
  -0.716  -0.714  -0.712  -0.710  -0.707  -0.706  -0.703  -0.699  -0.695  -0.689
  -0.681  -0.673  -0.666  -0.656  -0.646  -0.636  -0.626  -0.616  -0.607  -0.597
  -0.586  -0.575  -0.564  -0.552  -0.540  -0.530  -0.519  -0.505  -0.492  -0.480
  -0.467  -0.454  -0.442  -0.430  -0.416  -0.401  -0.385  -0.369  -0.355  -0.340
  -0.323  -0.306  -0.291  -0.272  -0.253  -0.235  -0.216  -0.197  -0.179  -0.160
  -0.139  -0.121  -0.106  -0.089  -0.073  -0.060  -0.049  -0.040  -0.034  -0.030
  -0.026  -0.023  -0.023  -0.026  -0.028  -0.031  -0.038  -0.045  -0.054  -0.065
  -0.081  -0.098  -0.113  -0.130  -0.152  -0.179  -0.208  -0.237  -0.268  -0.301
  -0.335  -0.368  -0.400  -0.433  -0.465  -0.494  -0.523  -0.551  -0.578  -0.603
  -0.626  -0.648  -0.666  -0.683  -0.703  -0.721  -0.737  -0.758  -0.781  -0.800
  -0.818  -0.837  -0.858  -0.879  -0.899  -0.920  -0.943  -0.970  -0.996  -1.021
  -1.045  -1.070  -1.095  -1.118  -1.139  -1.160  -1.178  -1.191  -1.203  -1.212
  -1.219  -1.221  -1.219  -1.212  -1.204  -1.197  -1.190  -1.182  -1.169  -1.156
  -1.146  -1.138  -1.126  -1.114  -1.104  -1.095  -1.085  -1.075  -1.065  -1.055
  -1.047  -1.039  -1.033  -1.025  -1.017  -1.009  -0.999  -0.985  -0.972  -0.962
  -0.952  -0.938  -0.922  -0.905  -0.887  -0.871  -0.850  -0.822  -0.802  -0.788
  -0.767  -0.743  -0.723  -0.701  -0.679  -0.657  -0.633  -0.609  -0.587  -0.563
  -0.539  -0.513  -0.486  -0.461  -0.439  -0.420  -0.402  -0.388  -0.376  -0.365
  -0.355  -0.349  -0.346  -0.343  -0.341  -0.338  -0.337  -0.339  -0.339  -0.338
  -0.340  -0.343  -0.344  -0.346  -0.346  -0.350  -0.357  -0.364  -0.371  -0.375
  -0.377  -0.378  -0.379  -0.378  -0.380  -0.386  -0.389  -0.393  -0.399  -0.404
  -0.411  -0.422  -0.431  -0.438  -0.448  -0.459  -0.470  -0.478  -0.486  -0.495
  -0.503  -0.509  -0.512  -0.517  -0.519  -0.518  -0.518  -0.518  -0.514  -0.509
  -0.505  -0.498  -0.487  -0.477  -0.469  -0.459  -0.449  -0.438  -0.427  -0.417
  -0.406  -0.394  -0.381  -0.369  -0.357  -0.345  -0.333  -0.316  -0.296  -0.279
  -0.259  -0.238  -0.216  -0.192  -0.165  -0.136  -0.108  -0.078  -0.046  -0.014
   0.019   0.049   0.079   0.112   0.145   0.179   0.210   0.242   0.274   0.302
   0.331   0.363   0.396   0.431   0.461   0.489   0.518   0.545   0.572   0.599
   0.628   0.658   0.685   0.712   0.737   0.760   0.784   0.808   0.830   0.849
   0.868   0.890   0.910   0.925   0.940   0.952   0.962   0.971   0.981   0.992
   1.005   1.015   1.024   1.036   1.045   1.053   1.063   1.072   1.080   1.092
   1.101   1.108   1.115   1.120   1.125   1.129   1.131   1.134   1.139   1.138
   1.134   1.132   1.123   1.111   1.102   1.091   1.073   1.054   1.035   1.013
   0.988   0.961   0.935   0.907   0.877   0.845   0.813   0.785   0.758   0.729
   0.703   0.680   0.660   0.641   0.625   0.611   0.597   0.587   0.581   0.574
   0.567   0.564   0.559   0.554   0.549   0.541   0.531   0.522   0.514   0.505
   0.495   0.485   0.475   0.464   0.455   0.446   0.439   0.433   0.430   0.430
   0.434   0.436   0.437   0.439   0.437   0.433   0.433   0.430   0.424   0.421
   0.419   0.413   0.405   0.401   0.398   0.393   0.387