 YEAR=1989 JULIAN DAY=291 HOUR= 0 MINUTE= 4 SECOND= 0 COMPONENT= 333
 SAMPLES/SEC=200 FILTER TYPE=BUTTERWORTH  CORNER= 0.10 ROP  =4 DATA TYPE=DP
 NO OF POINTS=  7827, UNITS=CM/SEC**2, CM/SEC, AND CM
  -0.003  -0.009  -0.015  -0.021  -0.027  -0.032  -0.038  -0.044  -0.050  -0.056
  -0.062  -0.068  -0.074  -0.079  -0.085  -0.091  -0.097  -0.102  -0.108  -0.114
  -0.119  -0.124  -0.129  -0.134  -0.139  -0.144  -0.148  -0.152  -0.156  -0.160
  -0.163  -0.166  -0.169  -0.172  -0.175  -0.177  -0.180  -0.182  -0.185  -0.188
  -0.190  -0.193  -0.196  -0.199  -0.201  -0.204  -0.208  -0.211  -0.214  -0.217
  -0.220  -0.224  -0.227  -0.230  -0.234  -0.237  -0.240  -0.243  -0.246  -0.249
  -0.252  -0.255  -0.257  -0.260  -0.263  -0.265  -0.268  -0.270  -0.273  -0.275
  -0.278  -0.280  -0.282  -0.284  -0.286  -0.287  -0.289  -0.291  -0.292  -0.294
  -0.295  -0.296  -0.298  -0.299  -0.301  -0.303  -0.304  -0.306  -0.308  -0.310
  -0.313  -0.315  -0.318  -0.320  -0.323  -0.326  -0.328  -0.331  -0.333  -0.335
  -0.337  -0.339  -0.341  -0.342  -0.343  -0.344  -0.344  -0.344  -0.344  -0.343
  -0.343  -0.342  -0.342  -0.341  -0.340  -0.340  -0.339  -0.339  -0.339  -0.339
  -0.339  -0.339  -0.340  -0.340  -0.341  -0.341  -0.342  -0.342  -0.343  -0.343
  -0.343  -0.343  -0.344  -0.344  -0.344  -0.344  -0.344  -0.344  -0.343  -0.343
  -0.342  -0.341  -0.340  -0.338  -0.336  -0.334  -0.331  -0.327  -0.324  -0.319
  -0.315  -0.310  -0.305  -0.299  -0.293  -0.287  -0.281  -0.275  -0.268  -0.262
  -0.255  -0.248  -0.242  -0.235  -0.229  -0.223  -0.217  -0.212  -0.206  -0.201
  -0.196  -0.192  -0.187  -0.183  -0.178  -0.174  -0.169  -0.164  -0.159  -0.154
  -0.149  -0.144  -0.139  -0.133  -0.128  -0.122  -0.117  -0.111  -0.105  -0.100
  -0.095  -0.089  -0.084  -0.079  -0.074  -0.069  -0.064  -0.059  -0.055  -0.050
  -0.045  -0.041  -0.036  -0.032  -0.028  -0.023  -0.019  -0.015  -0.010  -0.006
  -0.002   0.003   0.007   0.012   0.017   0.022   0.027   0.032   0.037   0.043
   0.048   0.054   0.060   0.066   0.072   0.079   0.086   0.093   0.100   0.108
   0.117   0.126   0.136   0.146   0.156   0.168   0.179   0.191   0.203   0.215
   0.228   0.240   0.253   0.266   0.279   0.292   0.305   0.318   0.331   0.345
   0.358   0.371   0.384   0.397   0.410   0.423   0.436   0.449   0.462   0.474
   0.487   0.499   0.512   0.524   0.536   0.547   0.559   0.571   0.582   0.593
   0.605   0.616   0.627   0.637   0.648   0.659   0.669   0.679   0.689   0.698
   0.707   0.716   0.725   0.734   0.742   0.751   0.760   0.769   0.778   0.788
   0.798   0.808   0.819   0.830   0.841   0.852   0.864   0.877   0.889   0.902
   0.915   0.929   0.942   0.956   0.970   0.984   0.998   1.012   1.026   1.039
   1.053   1.066   1.079   1.091   1.104   1.116   1.129   1.141   1.153   1.165
   1.177   1.189   1.200   1.212   1.224   1.235   1.247   1.258   1.270   1.281
   1.293   1.304   1.315   1.327   1.339   1.351   1.363   1.375   1.387   1.400
   1.412   1.425   1.439   1.452   1.466   1.480   1.494   1.509   1.524   1.539
   1.555   1.571   1.587   1.604   1.621   1.638   1.655   1.673   1.690   1.708
   1.725   1.743   1.760   1.777   1.794   1.811   1.828   1.844   1.860   1.876
   1.892   1.907   1.922   1.936   1.950   1.964   1.977   1.990   2.002   2.014
   2.026   2.037   2.048   2.060   2.071   2.082   2.093   2.104   2.115   2.126
   2.138   2.150   2.162   2.174   2.187   2.200   2.213   2.227   2.242   2.257
   2.273   2.289   2.306   2.324   2.343   2.362   2.382   2.403   2.424   2.447
   2.470   2.494   2.519   2.545   2.572   2.600   2.628   2.657   2.687   2.717
   2.748   2.779   2.811   2.842   2.874   2.906   2.937   2.969   3.000   3.031
   3.062   3.092   3.122   3.151   3.180   3.208   3.235   3.263   3.289   3.315
   3.341   3.366   3.391   3.415   3.439   3.462   3.485   3.507   3.529   3.549
   3.569   3.589   3.608   3.626   3.643   3.660   3.676   3.692   3.708   3.723
   3.738   3.753   3.768   3.784   3.800   3.817   3.834   3.852   3.871   3.890
   3.909   3.929   3.950   3.971   3.993   4.015   4.038   4.061   4.085   4.109
   4.134   4.159   4.184   4.210   4.236   4.263   4.289   4.317   4.344   4.373
   4.401   4.431   4.461   4.492   4.524   4.557   4.591   4.626   4.662   4.699
   4.737   4.775   4.814   4.853   4.892   4.931   4.971   5.010   5.048   5.087
   5.125   5.162   5.199   5.235   5.271   5.306   5.341   5.375   5.408   5.441
   5.473   5.504   5.534   5.564   5.593   5.621   5.648   5.674   5.699   5.724
   5.747   5.769   5.791   5.811   5.831   5.849   5.868   5.885   5.902   5.919
   5.935   5.951   5.967   5.983   5.998   6.013   6.027   6.042   6.056   6.070
   6.085   6.099   6.114   6.129   6.145   6.160   6.176   6.192   6.209   6.226
   6.244   6.262   6.280   6.299   6.318   6.338   6.359   6.380   6.403   6.426
   6.450   6.476   6.503   6.531   6.561   6.592   6.624   6.657   6.692   6.727
   6.763   6.800   6.837   6.875   6.914   6.952   6.991   7.031   7.071   7.111
   7.152   7.193   7.234   7.276   7.318   7.359   7.400   7.440   7.479   7.517
   7.553   7.589   7.623   7.655   7.687   7.716   7.745   7.771   7.796   7.820
   7.842   7.863   7.882   7.899   7.916   7.930   7.944   7.957   7.968   7.979
   7.989   7.998   8.007   8.016   8.025   8.035   8.045   8.055   8.066   8.078
   8.091   8.105   8.119   8.134   8.150   8.167   8.185   8.203   8.223   8.243
   8.265   8.287   8.311   8.336   8.362   8.389   8.418   8.448   8.479   8.511
   8.544   8.578   8.613   8.648   8.684   8.721   8.758   8.796   8.835   8.874
   8.914   8.954   8.995   9.036   9.077   9.119   9.160   9.201   9.242   9.282
   9.322   9.361   9.399   9.436   9.472   9.507   9.541   9.573   9.603   9.632
   9.660   9.685   9.709   9.732   9.752   9.771   9.789   9.804   9.818   9.830
   9.840   9.848   9.854   9.858   9.860   9.859   9.856   9.850   9.843   9.834
   9.823   9.810   9.797   9.783   9.768   9.754   9.740   9.726   9.712   9.699
   9.686   9.675   9.663   9.652   9.642   9.632   9.623   9.614   9.605   9.597
   9.590   9.583   9.576   9.571   9.565   9.560   9.556   9.552   9.548   9.545
   9.542   9.540   9.537   9.534   9.530   9.525   9.518   9.509   9.499   9.486
   9.471   9.453   9.433   9.410   9.383   9.355   9.323   9.288   9.250   9.209
   9.166   9.119   9.069   9.017   8.961   8.902   8.840   8.775   8.707   8.636
   8.562   8.485   8.405   8.322   8.236   8.148   8.058   7.966   7.872   7.776
   7.679   7.580   7.481   7.380   7.279   7.178   7.076   6.975   6.875   6.776
   6.680   6.586   6.495   6.407   6.323   6.243   6.167   6.096   6.030   5.968
   5.911   5.860   5.814   5.773   5.737   5.707   5.682   5.663   5.649   5.641
   5.639   5.642   5.651   5.665   5.685   5.711   5.741   5.778   5.819   5.865
   5.917   5.973   6.033   6.097   6.164   6.233   6.303   6.374   6.446   6.517
   6.588   6.657   6.725   6.791   6.854   6.914   6.972   7.026   7.076   7.123
   7.165   7.204   7.238   7.268   7.293   7.314   7.331   7.342   7.349   7.352
   7.349   7.341   7.329   7.311   7.288   7.261   7.228   7.191   7.149   7.102
   7.051   6.996   6.936   6.872   6.804   6.732   6.656   6.577   6.494   6.408
   6.318   6.225   6.129   6.030   5.930   5.828   5.725   5.621   5.516   5.412
   5.307   5.204   5.100   4.998   4.897   4.797   4.699   4.602   4.508   4.416
   4.326   4.239   4.155   4.074   3.996   3.922   3.852   3.786   3.725   3.667
   3.615   3.567   3.524   3.487   3.454   3.428   3.407   3.391   3.381   3.376
   3.376   3.380   3.387   3.398   3.410   3.424   3.440   3.456   3.474   3.491
   3.509   3.526   3.542   3.557   3.571   3.583   3.593   3.601   3.607   3.610
   3.610   3.608   3.602   3.593   3.581   3.565   3.546   3.524   3.498   3.469
   3.437   3.402   3.364   3.323   3.279   3.233   3.185   3.134   3.081   3.026
   2.969   2.910   2.849   2.787   2.724   2.659   2.594   2.529   2.464   2.400
   2.336   2.273   2.211   2.150   2.090   2.031   1.972   1.914   1.858   1.802
   1.747   1.692   1.638   1.585   1.533   1.481   1.429   1.378   1.326   1.275
   1.224   1.173   1.122   1.071   1.020   0.970   0.920   0.870   0.822   0.774
   0.728   0.683   0.640   0.599   0.559   0.522   0.486   0.452   0.421   0.391
   0.363   0.336   0.312   0.289   0.268   0.249   0.231   0.215   0.201   0.188
   0.177   0.168   0.161   0.155   0.151   0.149   0.148   0.149   0.151   0.155
   0.160   0.166   0.172   0.180   0.187   0.194   0.202   0.209   0.216   0.222
   0.228   0.234   0.239   0.244   0.249   0.253   0.256   0.259   0.260   0.260
   0.258   0.255   0.250   0.243   0.233   0.222   0.208   0.192   0.174   0.154
   0.132   0.108   0.082   0.055   0.025  -0.006  -0.038  -0.072  -0.105  -0.140
  -0.173  -0.207  -0.240  -0.272  -0.304  -0.334  -0.362  -0.389  -0.414  -0.437
  -0.457  -0.475  -0.491  -0.503  -0.513  -0.521  -0.526  -0.528  -0.527  -0.524
  -0.519  -0.510  -0.500  -0.486  -0.470  -0.452  -0.432  -0.409  -0.386  -0.361
  -0.336  -0.310  -0.284  -0.260  -0.236  -0.213  -0.192  -0.173  -0.156  -0.142
  -0.131  -0.123  -0.118  -0.116  -0.118  -0.123  -0.131  -0.143  -0.156  -0.173
  -0.192  -0.213  -0.237  -0.262  -0.289  -0.317  -0.347  -0.378  -0.410  -0.443
  -0.476  -0.510  -0.545  -0.579  -0.613  -0.647  -0.680  -0.712  -0.744  -0.774
  -0.804  -0.832  -0.860  -0.887  -0.914  -0.939  -0.964  -0.988  -1.012  -1.034
  -1.056  -1.078  -1.099  -1.120  -1.141  -1.162  -1.183  -1.205  -1.227  -1.249
  -1.272  -1.294  -1.317  -1.340  -1.362  -1.383  -1.404  -1.423  -1.442  -1.459
  -1.475  -1.489  -1.501  -1.512  -1.521  -1.528  -1.533  -1.536  -1.537  -1.536
  -1.532  -1.526  -1.518  -1.509  -1.500  -1.490  -1.480  -1.471  -1.463  -1.456
  -1.451  -1.447  -1.445  -1.444  -1.446  -1.449  -1.453  -1.459  -1.466  -1.474
  -1.483  -1.490  -1.497  -1.503  -1.507  -1.509  -1.509  -1.507  -1.502  -1.495
  -1.486  -1.474  -1.460  -1.444  -1.426  -1.405  -1.382  -1.357  -1.329  -1.300
  -1.269  -1.236  -1.201  -1.166  -1.130  -1.094  -1.059  -1.023  -0.988  -0.955
  -0.922  -0.890  -0.860  -0.832  -0.805  -0.779  -0.754  -0.732  -0.710  -0.690
  -0.672  -0.655  -0.640  -0.627  -0.615  -0.606  -0.598  -0.592  -0.589  -0.587
  -0.587  -0.590  -0.595  -0.603  -0.612  -0.624  -0.639  -0.656  -0.676  -0.699
  -0.724  -0.751  -0.781  -0.814  -0.848  -0.885  -0.924  -0.964  -1.005  -1.046
  -1.088  -1.129  -1.170  -1.211  -1.250  -1.288  -1.324  -1.359  -1.392  -1.422
  -1.450  -1.476  -1.500  -1.520  -1.539  -1.555  -1.567  -1.577  -1.583  -1.585
  -1.583  -1.577  -1.567  -1.554  -1.536  -1.514  -1.489  -1.459  -1.427  -1.391
  -1.351  -1.309  -1.264  -1.216  -1.165  -1.112  -1.057  -1.000  -0.941  -0.880
  -0.817  -0.754  -0.690  -0.626  -0.562  -0.498  -0.436  -0.375  -0.315  -0.256
  -0.199  -0.142  -0.087  -0.033   0.020   0.072   0.123   0.172   0.220   0.265
   0.308   0.349   0.387   0.421   0.452   0.480   0.503   0.523   0.538   0.548
   0.555   0.557   0.556   0.551   0.545   0.537   0.530   0.522   0.516   0.511
   0.508   0.508   0.509   0.513   0.520   0.528   0.539   0.551   0.565   0.581
   0.597   0.615   0.635   0.655   0.677   0.700   0.724   0.749   0.776   0.805
   0.835   0.866   0.899   0.934   0.970   1.008   1.047   1.086   1.125   1.165
   1.204   1.243   1.281   1.317   1.351   1.384   1.414   1.441   1.465   1.486
   1.504   1.517   1.527   1.532   1.533   1.530   1.522   1.509   1.492   1.471
   1.446   1.416   1.384   1.348   1.309   1.269   1.227   1.183   1.139   1.094
   1.049   1.005   0.960   0.917   0.874   0.833   0.792   0.754   0.717   0.681
   0.648   0.617   0.589   0.563   0.541   0.521   0.506   0.494   0.486   0.481
   0.481   0.485   0.492   0.504   0.520   0.541   0.565   0.593   0.626   0.662
   0.701   0.744   0.790   0.839   0.891   0.946   1.002   1.061   1.122   1.185
   1.249   1.315   1.382   1.450   1.519   1.589   1.661   1.732   1.805   1.877
   1.949   2.020   2.089   2.157   2.222   2.284   2.343   2.399   2.450   2.498
   2.541   2.579   2.613   2.641   2.664   2.681   2.691   2.696   2.694   2.686
   2.672   2.650   2.623   2.588   2.548   2.502   2.451   2.394   2.332   2.267
   2.199   2.127   2.053   1.976   1.898   1.817   1.734   1.649   1.563   1.474
   1.384   1.293   1.200   1.105   1.010   0.915   0.819   0.722   0.626   0.529
   0.433   0.337   0.242   0.147   0.053  -0.039  -0.131  -0.220  -0.308  -0.395
  -0.479  -0.561  -0.641  -0.719  -0.795  -0.868  -0.939  -1.007  -1.073  -1.136
  -1.196  -1.253  -1.307  -1.357  -1.404  -1.447  -1.486  -1.520  -1.550  -1.575
  -1.594  -1.609  -1.619  -1.623  -1.622  -1.616  -1.604  -1.587  -1.564  -1.537
  -1.503  -1.465  -1.420  -1.371  -1.316  -1.255  -1.190  -1.119  -1.045  -0.966
  -0.883  -0.797  -0.708  -0.616  -0.520  -0.422  -0.322  -0.220  -0.115  -0.009
   0.099   0.208   0.318   0.427   0.537   0.646   0.754   0.860   0.964   1.066
   1.166   1.263   1.358   1.449   1.537   1.622   1.703   1.781   1.854   1.923
   1.988   2.048   2.103   2.153   2.199   2.239   2.274   2.304   2.328   2.348
   2.362   2.371   2.375   2.374   2.369   2.358   2.343   2.323   2.299   2.271
   2.238   2.202   2.161   2.117   2.069   2.018   1.964   1.906   1.846   1.784
   1.720   1.653   1.585   1.516   1.446   1.376   1.305   1.234   1.163   1.093
   1.024   0.957   0.891   0.827   0.765   0.706   0.649   0.594   0.542   0.493
   0.446   0.402   0.360   0.322   0.286   0.253   0.222   0.194   0.169   0.147
   0.127   0.110   0.095   0.083   0.073   0.065   0.060   0.058   0.057   0.059
   0.063   0.069   0.077   0.086   0.098   0.111   0.125   0.141   0.158   0.177
   0.196   0.215   0.236   0.257   0.278   0.299   0.321   0.342   0.363   0.385
   0.406   0.427   0.448   0.468   0.489   0.510   0.531   0.553   0.576   0.599
   0.624   0.651   0.679   0.709   0.742   0.777   0.815   0.856   0.899   0.946
   0.995   1.048   1.104   1.162   1.224   1.289   1.358   1.429   1.503   1.580
   1.660   1.741   1.824   1.908   1.993   2.079   2.165   2.251   2.338   2.425
   2.512   2.598   2.685   2.770   2.855   2.939   3.022   3.103   3.183   3.261
   3.338   3.412   3.485   3.556   3.624   3.691   3.756   3.818   3.878   3.935
   3.990   4.043   4.093   4.141   4.186   4.228   4.268   4.304   4.339   4.370
   4.399   4.425   4.448   4.468   4.486   4.500   4.512   4.520   4.525   4.527
   4.525   4.521   4.512   4.500   4.485   4.466   4.444   4.418   4.389   4.356
   4.320   4.281   4.239   4.193   4.144   4.092   4.037   3.980   3.920   3.857
   3.791   3.724   3.654   3.583   3.510   3.436   3.362   3.287   3.212   3.137
   3.063   2.991   2.919   2.850   2.782   2.717   2.654   2.594   2.537   2.482
   2.430   2.380   2.333   2.289   2.247   2.208   2.171   2.136   2.103   2.074
   2.046   2.021   1.999   1.979   1.962   1.949   1.938   1.932   1.929   1.930
   1.935   1.944   1.959   1.978   2.002   2.031   2.065   2.104   2.147   2.195
   2.246   2.300   2.357   2.416   2.476   2.538   2.600   2.662   2.724   2.785
   2.845   2.904   2.960   3.015   3.066   3.115   3.161   3.204   3.244   3.280
   3.313   3.342   3.369   3.391   3.411   3.427   3.439   3.449   3.456   3.459
   3.460   3.457   3.451   3.442   3.431   3.416   3.399   3.379   3.357   3.333
   3.308   3.281   3.253   3.223   3.193   3.162   3.130   3.098   3.065   3.031
   2.996   2.961   2.926   2.889   2.852   2.813   2.775   2.735   2.694   2.653
   2.610   2.567   2.522   2.476   2.428   2.379   2.329   2.277   2.224   2.169
   2.114   2.057   2.000   1.943   1.885   1.828   1.771   1.715   1.660   1.608
   1.557   1.508   1.462   1.418   1.377   1.338   1.302   1.269   1.239   1.210
   1.184   1.160   1.137   1.115   1.095   1.075   1.055   1.036   1.017   0.998
   0.979   0.960   0.941   0.922   0.903   0.884   0.864   0.845   0.826   0.808
   0.790   0.772   0.756   0.742   0.729   0.718   0.709   0.703   0.700   0.700
   0.703   0.709   0.718   0.730   0.745   0.764   0.786   0.811   0.838   0.869
   0.902   0.938   0.977   1.017   1.059   1.103   1.149   1.196   1.244   1.294
   1.344   1.395   1.447   1.500   1.555   1.610   1.666   1.722   1.780   1.838
   1.897   1.957   2.017   2.078   2.139   2.200   2.262   2.324   2.386   2.448
   2.510   2.572   2.634   2.696   2.757   2.819   2.880   2.940   3.000   3.059
   3.117   3.174   3.230   3.285   3.338   3.390   3.440   3.489   3.536   3.582
   3.625   3.667   3.707   3.746   3.782   3.817   3.850   3.880   3.909   3.936
   3.961   3.984   4.005   4.024   4.041   4.055   4.067   4.077   4.084   4.089
   4.090   4.088   4.083   4.073   4.060   4.043   4.022   3.997   3.967   3.934
   3.896   3.854   3.809   3.760   3.708   3.653   3.596   3.536   3.474   3.411
   3.346   3.281   3.215   3.149   3.083   3.017   2.953   2.890   2.828   2.768
   2.711   2.656   2.604   2.556   2.510   2.469   2.431   2.397   2.368   2.342
   2.321   2.304   2.292   2.284   2.280   2.280   2.284   2.292   2.304   2.318
   2.337   2.358   2.383   2.411   2.442   2.476   2.512   2.552   2.594   2.639
   2.686   2.735   2.786   2.839   2.893   2.948   3.005   3.061   3.118   3.175
   3.232   3.288   3.343   3.397   3.450   3.502   3.552   3.600   3.646   3.691
   3.733   3.774   3.812   3.848   3.882   3.914   3.944   3.971   3.997   4.022
   4.045   4.067   4.088   4.109   4.130   4.151   4.172   4.193   4.214   4.235
   4.257   4.279   4.302   4.325   4.348   4.371   4.394   4.417   4.440   4.462
   4.484   4.505   4.525   4.544   4.563   4.580   4.597   4.613   4.627   4.641
   4.653   4.664   4.675   4.684   4.692   4.699   4.705   4.709   4.713   4.715
   4.716   4.717   4.717   4.716   4.716   4.716   4.716   4.717   4.719   4.723
   4.728   4.734   4.742   4.752   4.763   4.776   4.790   4.805   4.822   4.840
   4.858   4.878   4.899   4.920   4.942   4.964   4.987   5.010   5.033   5.055
   5.078   5.100   5.122   5.144   5.165   5.186   5.206   5.226   5.245   5.264
   5.282   5.298   5.314   5.328   5.340   5.351   5.360   5.367   5.371   5.373
   5.373   5.370   5.365   5.356   5.346   5.333   5.317   5.299   5.279   5.257
   5.234   5.209   5.182   5.155   5.126   5.096   5.065   5.033   5.001   4.969
   4.936   4.903   4.870   4.838   4.805   4.773   4.741   4.710   4.679   4.648
   4.618   4.588   4.558   4.529   4.500   4.472   4.443   4.416   4.388   4.362
   4.335   4.309   4.284   4.260   4.236   4.213   4.191   4.169   4.149   4.129
   4.111   4.093   4.076   4.061   4.046   4.033   4.021   4.010   4.000   3.991
   3.982   3.974   3.967   3.960   3.954   3.947   3.942   3.936   3.931   3.926
   3.921   3.917   3.913   3.910   3.907   3.904   3.902   3.901   3.900   3.899
   3.899   3.898   3.898   3.897   3.895   3.893   3.890   3.886   3.881   3.875
   3.867   3.857   3.845   3.831   3.814   3.795   3.774   3.750   3.723   3.694
   3.661   3.625   3.587   3.545   3.501   3.453   3.403   3.351   3.296   3.239
   3.180   3.120   3.058   2.996   2.934   2.871   2.808   2.744   2.681   2.619
   2.557   2.495   2.434   2.374   2.314   2.256   2.198   2.141   2.086   2.031
   1.978   1.926   1.875   1.825   1.777   1.730   1.685   1.641   1.598   1.557
   1.517   1.480   1.443   1.409   1.377   1.346   1.318   1.292   1.267   1.245
   1.225   1.208   1.192   1.179   1.168   1.158   1.151   1.146   1.143   1.141
   1.140   1.141   1.144   1.147   1.151   1.156   1.162   1.169   1.176   1.183
   1.191   1.198   1.206   1.214   1.222   1.231   1.239   1.246   1.254   1.262
   1.269   1.276   1.284   1.290   1.297   1.303   1.310   1.316   1.323   1.330
   1.337   1.345   1.354   1.363   1.374   1.384   1.396   1.408   1.421   1.436
   1.450   1.466   1.483   1.501   1.519   1.539   1.560   1.581   1.604   1.627
   1.652   1.677   1.704   1.731   1.760   1.791   1.822   1.856   1.890   1.926
   1.964   2.003   2.044   2.086   2.129   2.173   2.218   2.264   2.310   2.356
   2.403   2.448   2.494   2.538   2.581   2.623   2.664   2.704   2.742   2.779
   2.815   2.849   2.882   2.915   2.947   2.978   3.009   3.039   3.070   3.100
   3.131   3.162   3.193   3.225   3.257   3.289   3.321   3.353   3.385   3.417
   3.449   3.481   3.513   3.545   3.577   3.608   3.640   3.673   3.705   3.739
   3.774   3.810   3.847   3.885   3.925   3.967   4.010   4.055   4.101   4.149
   4.199   4.249   4.301   4.354   4.407   4.461   4.515   4.569   4.623   4.676
   4.729   4.781   4.832   4.883   4.932   4.981   5.028   5.075   5.120   5.165
   5.209   5.251   5.293   5.335   5.375   5.415   5.454   5.492   5.529   5.566
   5.602   5.637   5.672   5.705   5.738   5.770   5.801   5.831   5.860   5.888
   5.914   5.939   5.963   5.985   6.005   6.022   6.038   6.052   6.063   6.071
   6.077   6.081   6.082   6.080   6.075   6.067   6.057   6.043   6.027   6.008
   5.986   5.961   5.933   5.903   5.871   5.836   5.799   5.759   5.719   5.676
   5.633   5.588   5.542   5.496   5.449   5.401   5.352   5.304   5.254   5.205
   5.155   5.105   5.054   5.004   4.953   4.903   4.852   4.801   4.750   4.699
   4.648   4.598   4.548   4.498   4.448   4.399   4.351   4.304   4.258   4.213
   4.169   4.127   4.087   4.048   4.011   3.976   3.943   3.911   3.882   3.855
   3.829   3.805   3.784   3.764   3.746   3.729   3.714   3.700   3.688   3.676
   3.666   3.657   3.649   3.641   3.635   3.629   3.624   3.619   3.616   3.612
   3.609   3.607   3.605   3.603   3.601   3.599   3.598   3.597   3.596   3.595
   3.595   3.594   3.595   3.595   3.595   3.596   3.597   3.598   3.599   3.599
   3.599   3.599   3.598   3.596   3.593   3.588   3.583   3.576   3.568   3.558
   3.546   3.533   3.518   3.502   3.485   3.466   3.446   3.425   3.403   3.380
   3.357   3.333   3.309   3.284   3.258   3.232   3.205   3.178   3.150   3.121
   3.091   3.060   3.029   2.996   2.963   2.929   2.895   2.861   2.826   2.791
   2.755   2.720   2.685   2.650   2.616   2.582   2.548   2.515   2.483   2.451
   2.420   2.389   2.359   2.330   2.300   2.272   2.244   2.216   2.189   2.162
   2.136   2.110   2.086   2.062   2.039   2.017   1.996   1.977   1.959   1.942
   1.928   1.916   1.905   1.897   1.892   1.888   1.887   1.888   1.892   1.897
   1.903   1.910   1.918   1.926   1.935   1.943   1.951   1.959   1.966   1.973
   1.979   1.985   1.991   1.996   2.001   2.006   2.011   2.017   2.023   2.030
   2.037   2.046   2.055   2.065   2.076   2.088   2.101   2.114   2.127   2.140
   2.152   2.165   2.176   2.187   2.197   2.206   2.214   2.222   2.228   2.234
   2.239   2.244   2.248   2.251   2.254   2.257   2.259   2.261   2.262   2.263
   2.263   2.262   2.260   2.258   2.255   2.250   2.244   2.237   2.229   2.219
   2.208   2.195   2.181   2.165   2.148   2.128   2.107   2.084   2.060   2.033
   2.005   1.974   1.942   1.909   1.873   1.836   1.797   1.757   1.716   1.673
   1.630   1.587   1.543   1.500   1.456   1.413   1.371   1.330   1.289   1.250
   1.213   1.176   1.141   1.108   1.077   1.047   1.019   0.993   0.969   0.947
   0.926   0.908   0.892   0.879   0.867   0.858   0.850   0.846   0.843   0.844
   0.846   0.851   0.859   0.869   0.882   0.897   0.915   0.935   0.958   0.984
   1.011   1.042   1.074   1.108   1.145   1.183   1.224   1.265   1.308   1.352
   1.396   1.441   1.487   1.532   1.578   1.623   1.667   1.711   1.754   1.797
   1.838   1.879   1.919   1.957   1.995   2.032   2.067   2.102   2.135   2.168
   2.199   2.230   2.259   2.287   2.314   2.340   2.365   2.389   2.412   2.434
   2.455   2.475   2.494   2.513   2.531   2.549   2.565   2.581   2.597   2.611
   2.625   2.638   2.650   2.661   2.671   2.680   2.688   2.695   2.700   2.704
   2.706   2.707   2.705   2.702   2.697   2.690   2.681   2.671   2.658   2.644
   2.628   2.611   2.593   2.573   2.553   2.532   2.510   2.488   2.465   2.443
   2.420   2.397   2.374   2.351   2.329   2.307   2.286   2.266   2.246   2.227
   2.208   2.191   2.175   2.159   2.144   2.131   2.118   2.106   2.095   2.085
   2.075   2.066   2.058   2.050   2.042   2.034   2.026   2.018   2.009   2.001
   1.992   1.982   1.972   1.962   1.951   1.940   1.928   1.916   1.904   1.891
   1.879   1.867   1.855   1.843   1.832   1.822   1.812   1.803   1.794   1.786
   1.778   1.771   1.764   1.758   1.751   1.745   1.740   1.734   1.728   1.721
   1.715   1.708   1.701   1.693   1.685   1.677   1.668   1.659   1.650   1.640
   1.630   1.621   1.611   1.601   1.592   1.583   1.574   1.566   1.558   1.551
   1.544   1.538   1.532   1.527   1.523   1.519   1.516   1.514   1.512   1.511
   1.510   1.510   1.511   1.512   1.514   1.516   1.518   1.521   1.525   1.529
   1.534   1.539   1.545   1.551   1.558   1.565   1.572   1.580   1.588   1.596
   1.605   1.613   1.621   1.629   1.637   1.644   1.651   1.657   1.663   1.669
   1.674   1.679   1.684   1.688   1.692   1.696   1.699   1.702   1.705   1.708
   1.711   1.713   1.715   1.716   1.717   1.718   1.718   1.717   1.716   1.714
   1.711   1.707   1.703   1.697   1.691   1.683   1.675   1.666   1.655   1.644
   1.632   1.619   1.604   1.589   1.574   1.557   1.539   1.521   1.503   1.483
   1.464   1.443   1.423   1.403   1.382   1.362   1.342   1.323   1.304   1.287
   1.270   1.255   1.240   1.228   1.216   1.207   1.198   1.192   1.187   1.183
   1.181   1.180   1.181   1.182   1.185   1.188   1.193   1.198   1.203   1.209
   1.216   1.223   1.230   1.237   1.245   1.253   1.262   1.270   1.279   1.287
   1.296   1.304   1.313   1.321   1.329   1.338   1.346   1.354   1.362   1.369
   1.377   1.384   1.391   1.397   1.404   1.409   1.414   1.419   1.423   1.426
   1.428   1.430   1.431   1.431   1.431   1.430   1.428   1.426   1.424   1.421
   1.418   1.416   1.413   1.410   1.408   1.405   1.403   1.401   1.399   1.396
   1.394   1.392   1.390   1.388   1.386   1.384   1.383   1.381   1.380   1.379
   1.379   1.378   1.378   1.378   1.378   1.379   1.380   1.380   1.382   1.383
   1.385   1.387   1.390   1.393   1.396   1.400   1.405   1.410   1.416   1.423
   1.431   1.439   1.448   1.458   1.469   1.480   1.492   1.504   1.517   1.530
   1.544   1.558   1.572   1.586   1.600   1.615   1.629   1.644   1.658   1.672
   1.686   1.700   1.714   1.727   1.740   1.753   1.765   1.777   1.788   1.799
   1.808   1.817   1.825   1.832   1.838   1.843   1.848   1.851   1.854   1.856
   1.857   1.858   1.858   1.857   1.856   1.854   1.851   1.847   1.843   1.838
   1.833   1.826   1.819   1.812   1.803   1.794   1.785   1.774   1.764   1.752
   1.740   1.727   1.714   1.700   1.685   1.669   1.653   1.637   1.620   1.602
   1.584   1.565   1.546   1.527   1.507   1.487   1.468   1.448   1.428   1.408
   1.389   1.370   1.351   1.333   1.316   1.299   1.282   1.267   1.252   1.238
   1.225   1.213   1.202   1.192   1.183   1.175   1.169   1.164   1.159   1.157
   1.155   1.155   1.156   1.158   1.161   1.166   1.172   1.179   1.187   1.197
   1.207   1.218   1.229   1.242   1.255   1.269   1.283   1.298   1.313   1.329
   1.345   1.361   1.378   1.395   1.412   1.429   1.447   1.465   1.482   1.500
   1.518   1.536   1.554   1.571   1.588   1.605   1.622   1.638   1.654   1.669
   1.683   1.697   1.711   1.724   1.736   1.747   1.758   1.769   1.779   1.788
   1.797   1.806   1.814   1.822   1.830   1.838   1.846   1.854   1.861   1.869
   1.876   1.883   1.890   1.897   1.903   1.910   1.916   1.921   1.927   1.931
   1.936   1.940   1.944   1.948   1.951   1.954   1.957   1.959   1.961   1.963
   1.964   1.965   1.965   1.966   1.965   1.965   1.963   1.962   1.960   1.957
   1.954   1.950   1.946   1.941   1.936   1.930   1.923   1.916   1.909   1.902
   1.895   1.888   1.881   1.875   1.869   1.864   1.860   1.857   1.855   1.853
   1.853   1.854   1.855   1.858   1.862   1.866   1.871   1.877   1.884   1.891
   1.899   1.907   1.916   1.924   1.933   1.942   1.951   1.960   1.970   1.979
   1.988   1.997   2.006   2.015   2.024   2.033   2.042   2.050   2.058   2.066
   2.073   2.080   2.086   2.092   2.097   2.102   2.106   2.110   2.113   2.116
   2.120   2.123   2.126   2.130   2.134   2.139   2.144   2.150   2.157   2.164
   2.172   2.181   2.190   2.199   2.210   2.220   2.231   2.242   2.253   2.265
   2.276   2.287   2.298   2.309   2.319   2.329   2.338   2.347   2.356   2.364
   2.372   2.379   2.385   2.391   2.397   2.402   2.406   2.410   2.413   2.417
   2.419   2.422   2.424   2.426   2.428   2.430   2.431   2.433   2.435   2.437
   2.439   2.441   2.443   2.445   2.447   2.449   2.451   2.453   2.455   2.457
   2.459   2.461   2.463   2.464   2.465   2.466   2.466   2.467   2.468   2.469
   2.470   2.471   2.473   2.475   2.478   2.482   2.486   2.491   2.497   2.504
   2.511   2.519   2.527   2.536   2.546   2.556   2.567   2.578   2.590   2.602
   2.615   2.628   2.641   2.654   2.668   2.682   2.697   2.711   2.726   2.741
   2.756   2.772   2.788   2.804   2.821   2.839   2.856   2.874   2.893   2.911
   2.930   2.948   2.967   2.984   3.002   3.019   3.034   3.049   3.063   3.076
   3.088   3.098   3.108   3.116   3.123   3.129   3.135   3.139   3.142   3.145
   3.147   3.149   3.150   3.151   3.151   3.152   3.152   3.152   3.152   3.152
   3.152   3.152   3.152   3.152   3.152   3.152   3.151   3.151   3.151   3.150
   3.149   3.148   3.147   3.146   3.145   3.144   3.142   3.141   3.139   3.138
   3.137   3.136   3.135   3.135   3.134   3.134   3.135   3.135   3.136   3.137
   3.138   3.139   3.140   3.141   3.142   3.143   3.144   3.144   3.145   3.145
   3.145   3.145   3.145   3.145   3.144   3.144   3.143   3.142   3.141   3.140
   3.138   3.137   3.135   3.133   3.130   3.128   3.124   3.121   3.117   3.112
   3.107   3.101   3.095   3.088   3.081   3.073   3.065   3.056   3.047   3.037
   3.026   3.015   3.004   2.992   2.980   2.968   2.956   2.943   2.931   2.918
   2.906   2.895   2.883   2.872   2.861   2.850   2.840   2.830   2.820   2.811
   2.801   2.792   2.783   2.774   2.766   2.757   2.749   2.741   2.733   2.725
   2.717   2.710   2.703   2.696   2.690   2.684   2.678   2.672   2.667   2.663
   2.658   2.654   2.650   2.646   2.642   2.639   2.636   2.632   2.629   2.625
   2.622   2.618   2.614   2.610   2.606   2.602   2.597   2.592   2.587   2.582
   2.577   2.571   2.566   2.561   2.555   2.550   2.545   2.539   2.534   2.529
   2.524   2.519   2.514   2.509   2.504   2.498   2.493   2.488   2.483   2.477
   2.472   2.467   2.461   2.456   2.451   2.446   2.441   2.437   2.432   2.428
   2.424   2.421   2.417   2.414   2.412   2.409   2.407   2.405   2.404   2.403
   2.402   2.401   2.401   2.401   2.402   2.402   2.404   2.405   2.407   2.410
   2.413   2.416   2.420   2.425   2.429   2.435   2.440   2.446   2.452   2.459
   2.465   2.471   2.477   2.483   2.489   2.495   2.500   2.505   2.510   2.514
   2.518   2.521   2.524   2.526   2.528   2.530   2.531   2.532   2.533   2.533
   2.534   2.534   2.535   2.535   2.536   2.538   2.539   2.541   2.543   2.545
   2.548   2.551   2.554   2.558   2.562   2.566   2.571   2.576   2.581   2.587
   2.593   2.599   2.605   2.612   2.619   2.626   2.633   2.640   2.648   2.655
   2.662   2.669   2.676   2.682   2.688   2.694   2.700   2.705   2.709   2.713
   2.717   2.720   2.723   2.726   2.728   2.729   2.730   2.731   2.731   2.730
   2.729   2.728   2.726   2.724   2.721   2.717   2.714   2.710   2.706   2.701
   2.696   2.691   2.686   2.681   2.676   2.671   2.666   2.662   2.657   2.653
   2.649   2.646   2.643   2.640   2.638   2.635   2.634   2.632   2.631   2.630
   2.629   2.629   2.629   2.629   2.630   2.630   2.631   2.632   2.633   2.634
   2.636   2.637   2.638   2.639   2.640   2.641   2.642   2.642   2.642   2.642
   2.642   2.641   2.640   2.639   2.638   2.636   2.634   2.632   2.629   2.627
   2.624   2.621   2.618   2.615   2.611   2.608   2.604   2.600   2.596   2.591
   2.586   2.581   2.576   2.571   2.565   2.559   2.553   2.546   2.540   2.533
   2.527   2.520   2.514   2.507   2.501   2.495   2.488   2.483   2.477   2.471
   2.466   2.462   2.457   2.453   2.450   2.447   2.444   2.442   2.441   2.440
   2.439   2.439   2.440   2.441   2.443   2.445   2.447   2.450   2.453   2.456
   2.459   2.463   2.467   2.471   2.474   2.478   2.482   2.486   2.490   2.494
   2.498   2.501   2.505   2.508   2.511   2.515   2.518   2.521   2.524   2.527
   2.529   2.532   2.535   2.537   2.540   2.542   2.544   2.547   2.549   2.551
   2.552   2.554   2.555   2.556   2.556   2.555   2.555   2.553   2.551   2.549
   2.545   2.542   2.537   2.532   2.526   2.520   2.513   2.506   2.498   2.489
   2.480   2.471   2.461   2.451   2.440   2.429   2.417   2.406   2.393   2.381
   2.368   2.355   2.341   2.327   2.313   2.299   2.285   2.270   2.256   2.241
   2.227   2.212   2.198   2.184   2.170   2.156   2.143   2.130   2.117   2.104
   2.092   2.080   2.068   2.057   2.046   2.035   2.024   2.014   2.004   1.994
   1.984   1.974   1.964   1.954   1.944   1.935   1.925   1.915   1.905   1.895
   1.884   1.874   1.863   1.852   1.841   1.830   1.819   1.808   1.796   1.785
   1.773   1.762   1.750   1.738   1.726   1.714   1.701   1.689   1.676   1.663
   1.649   1.635   1.621   1.607   1.592   1.577   1.562   1.546   1.531   1.515
   1.499   1.483   1.467   1.451   1.435   1.420   1.405   1.390   1.376   1.362
   1.349   1.336   1.324   1.313   1.302   1.292   1.282   1.273   1.265   1.257
   1.250   1.243   1.237   1.231   1.226   1.221   1.217   1.213   1.210   1.207
   1.204   1.202   1.201   1.200   1.200   1.200   1.201   1.202   1.204   1.206
   1.209   1.212   1.215   1.219   1.223   1.228   1.233   1.238   1.244   1.249
   1.255   1.262   1.268   1.274   1.281   1.288   1.295   1.302   1.309   1.316
   1.323   1.330   1.337   1.344   1.350   1.357   1.363   1.369   1.375   1.381
   1.387   1.392   1.397   1.401   1.406   1.410   1.414   1.417   1.420   1.423
   1.425   1.427   1.429   1.430   1.431   1.432   1.433   1.433   1.433   1.433
   1.432   1.431   1.430   1.429   1.428   1.426   1.425   1.423   1.421   1.419
   1.416   1.414   1.411   1.409   1.406   1.404   1.401   1.398   1.396   1.393
   1.390   1.388   1.385   1.382   1.380   1.377   1.375   1.372   1.370   1.367
   1.365   1.362   1.360   1.357   1.355   1.353   1.351   1.349   1.347   1.345
   1.344   1.343   1.341   1.341   1.340   1.340   1.340   1.341   1.342   1.343
   1.345   1.347   1.350   1.354   1.358   1.362   1.368   1.374   1.381   1.388
   1.397   1.406   1.417   1.428   1.440   1.454   1.468   1.484   1.500   1.518
   1.537   1.556   1.577   1.598   1.621   1.644   1.668   1.693   1.719   1.745
   1.771   1.798   1.826   1.853   1.881   1.909   1.937   1.965   1.994   2.022
   2.050   2.078   2.106   2.134   2.162   2.190   2.217   2.244   2.270   2.296
   2.321   2.346   2.371   2.395   2.418   2.440   2.462   2.482   2.503   2.522
   2.541   2.558   2.576   2.592   2.607   2.622   2.636   2.650   2.663   2.676
   2.688   2.699   2.711   2.722   2.733   2.743   2.754   2.764   2.774   2.784
   2.795   2.805   2.815   2.825   2.835   2.845   2.855   2.865   2.875   2.885
   2.896   2.906   2.917   2.928   2.939   2.950   2.962   2.973   2.985   2.997
   3.010   3.022   3.035   3.048   3.061   3.074   3.088   3.102   3.116   3.130
   3.145   3.160   3.174   3.189   3.204   3.219   3.234   3.249   3.264   3.279
   3.293   3.308   3.323   3.337   3.351   3.366   3.380   3.393   3.407   3.420
   3.433   3.446   3.458   3.469   3.481   3.491   3.501   3.511   3.519   3.527
   3.534   3.540   3.545   3.550   3.553   3.556   3.557   3.558   3.557   3.556
   3.553   3.550   3.546   3.541   3.536   3.529   3.522   3.515   3.507   3.498
   3.489   3.480   3.470   3.461   3.451   3.441   3.431   3.421   3.411   3.401
   3.391   3.381   3.372   3.362   3.352   3.343   3.333   3.324   3.315   3.306
   3.297   3.288   3.279   3.271   3.262   3.254   3.246   3.238   3.230   3.222
   3.214   3.207   3.199   3.191   3.184   3.177   3.169   3.162   3.155   3.147
   3.140   3.133   3.125   3.118   3.110   3.103   3.095   3.087   3.079   3.071
   3.063   3.054   3.046   3.037   3.029   3.020   3.011   3.002   2.994   2.985
   2.976   2.967   2.958   2.949   2.941   2.933   2.924   2.917   2.909   2.901
   2.894   2.887   2.880   2.874   2.867   2.861   2.855   2.849   2.843   2.837
   2.831   2.826   2.820   2.815   2.810   2.806   2.802   2.798   2.794   2.791
   2.788   2.785   2.783   2.782   2.780   2.779   2.778   2.778   2.778   2.777
   2.778   2.778   2.778   2.778   2.779   2.779   2.779   2.779   2.780   2.780
   2.780   2.780   2.779   2.779   2.779   2.778   2.778   2.777   2.776   2.775
   2.774   2.772   2.771   2.769   2.767   2.765   2.762   2.760   2.757   2.754
   2.750   2.747   2.743   2.739   2.735   2.731   2.726   2.722   2.718   2.714
   2.709   2.705   2.701   2.697   2.693   2.690   2.686   2.683   2.680   2.677
   2.675   2.672   2.671   2.669   2.668   2.668   2.668   2.669   2.670   2.672
   2.675   2.678   2.682   2.686   2.691   2.697   2.703   2.709   2.716   2.724
   2.732   2.741   2.750   2.759   2.769   2.778   2.788   2.799   2.809   2.819
   2.829   2.840   2.850   2.860   2.870   2.880   2.890   2.900   2.909   2.919
   2.928   2.937   2.946   2.955   2.963   2.971   2.979   2.987   2.994   3.001
   3.008   3.014   3.021   3.027   3.032   3.038   3.043   3.048   3.053   3.058
   3.062   3.066   3.071   3.075   3.079   3.082   3.086   3.090   3.093   3.096
   3.100   3.103   3.105   3.108   3.111   3.113   3.115   3.117   3.119   3.120
   3.121   3.122   3.123   3.124   3.125   3.125   3.125   3.125   3.125   3.125
   3.125   3.124   3.124   3.123   3.122   3.121   3.120   3.118   3.117   3.115
   3.113   3.111   3.109   3.106   3.104   3.101   3.098   3.095   3.092   3.089
   3.085   3.082   3.078   3.074   3.071   3.067   3.063   3.058   3.054   3.050
   3.045   3.041   3.036   3.032   3.027   3.022   3.018   3.013   3.009   3.005
   3.001   2.997   2.993   2.990   2.987   2.984   2.982   2.980   2.979   2.977
   2.977   2.976   2.976   2.977   2.977   2.979   2.980   2.982   2.984   2.986
   2.988   2.990   2.993   2.995   2.998   3.000   3.003   3.005   3.008   3.010
   3.013   3.015   3.017   3.019   3.021   3.023   3.024   3.026   3.027   3.028
   3.029   3.029   3.029   3.029   3.028   3.027   3.026   3.024   3.022   3.020
   3.017   3.014   3.011   3.007   3.003   2.999   2.995   2.991   2.987   2.982
   2.978   2.973   2.969   2.964   2.960   2.955   2.951   2.947   2.943   2.939
   2.935   2.931   2.928   2.924   2.921   2.918   2.915   2.912   2.909   2.907
   2.905   2.903   2.901   2.900   2.898   2.898   2.897   2.897   2.897   2.897
   2.898   2.899   2.900   2.902   2.904   2.906   2.908   2.911   2.913   2.916
   2.918   2.921   2.924   2.926   2.928   2.931   2.933   2.935   2.937   2.939
   2.941   2.943   2.944   2.946   2.947   2.949   2.950   2.952   2.953   2.954
   2.955   2.956   2.957   2.957   2.958   2.958   2.958   2.958   2.958   2.958
   2.957   2.957   2.956   2.955   2.954   2.953   2.952   2.951   2.950   2.949
   2.947   2.946   2.945   2.944   2.943   2.941   2.940   2.939   2.938   2.936
   2.935   2.934   2.933   2.932   2.932   2.931   2.930   2.930   2.930   2.930
   2.930   2.931   2.932   2.933   2.935   2.937   2.939   2.942   2.945   2.948
   2.952   2.956   2.960   2.965   2.969   2.974   2.979   2.985   2.990   2.995
   3.001   3.006   3.012   3.017   3.023   3.028   3.033   3.038   3.043   3.048
   3.053   3.057   3.062   3.066   3.070   3.074   3.077   3.081   3.084   3.086
   3.089   3.091   3.093   3.094   3.095   3.096   3.097   3.098   3.098   3.098
   3.097   3.097   3.096   3.095   3.094   3.093   3.091   3.090   3.088   3.086
   3.084   3.082   3.080   3.078   3.076   3.074   3.071   3.069   3.067   3.064
   3.062   3.060   3.057   3.055   3.054   3.052   3.050   3.049   3.048   3.048
   3.047   3.047   3.047   3.048   3.048   3.049   3.050   3.051   3.053   3.054
   3.056   3.058   3.059   3.061   3.063   3.065   3.067   3.069   3.071   3.074
   3.076   3.078   3.080   3.083   3.085   3.087   3.089   3.091   3.093   3.094
   3.095   3.096   3.097   3.097   3.097   3.097   3.096   3.095   3.093   3.090
   3.088   3.084   3.081   3.077   3.072   3.067   3.062   3.057   3.051   3.045
   3.039   3.033   3.026   3.020   3.013   3.006   2.999   2.992   2.985   2.978
   2.971   2.964   2.956   2.949   2.942   2.934   2.927   2.919   2.912   2.904
   2.896   2.889   2.882   2.874   2.867   2.860   2.853   2.846   2.839   2.832
   2.826   2.819   2.813   2.807   2.801   2.795   2.790   2.785   2.780   2.775
   2.771   2.766   2.762   2.758   2.754   2.751   2.747   2.743   2.739   2.736
   2.732   2.728   2.724   2.720   2.716   2.712   2.708   2.704   2.700   2.696
   2.691   2.687   2.683   2.679   2.675   2.671   2.667   2.663   2.659   2.656
   2.652   2.648   2.644   2.640   2.637   2.633   2.629   2.625   2.621   2.617
   2.614   2.610   2.606   2.601   2.597   2.593   2.589   2.584   2.579   2.574
   2.569   2.564   2.558   2.552   2.546   2.540   2.534   2.527   2.520   2.512
   2.505   2.497   2.489   2.480   2.472   2.463   2.454   2.445   2.435   2.426
   2.416   2.406   2.397   2.387   2.377   2.367   2.358   2.348   2.338   2.329
   2.319   2.309   2.300   2.291   2.282   2.273   2.264   2.255   2.247   2.239
   2.232   2.225   2.218   2.211   2.206   2.200   2.195   2.191   2.187   2.183
   2.180   2.177   2.175   2.174   2.172   2.172   2.171   2.171   2.171   2.172
   2.173   2.174   2.175   2.176   2.178   2.180   2.181   2.183   2.185   2.187
   2.189   2.191   2.192   2.194   2.195   2.196   2.197   2.198   2.198   2.198
   2.198   2.197   2.196   2.194   2.192   2.190   2.187   2.184   2.180   2.176
   2.172   2.166   2.161   2.155   2.149   2.142   2.135   2.127   2.120   2.111
   2.103   2.094   2.085   2.075   2.066   2.056   2.047   2.037   2.027   2.017
   2.008   1.998   1.989   1.979   1.970   1.962   1.954   1.946   1.938   1.931
   1.924   1.918   1.913   1.908   1.904   1.900   1.897   1.894   1.892   1.891
   1.890   1.890   1.890   1.891   1.893   1.895   1.897   1.900   1.903   1.907
   1.911   1.916   1.921   1.926   1.932   1.938   1.944   1.950   1.957   1.963
   1.970   1.977   1.985   1.992   1.999   2.007   2.014   2.022   2.029   2.037
   2.044   2.052   2.059   2.067   2.074   2.082   2.089   2.096   2.103   2.110
   2.116   2.123   2.129   2.135   2.141   2.146   2.151   2.155   2.159   2.163
   2.166   2.169   2.171   2.172   2.173   2.173   2.173   2.172   2.170   2.168
   2.165   2.161   2.157   2.152   2.147   2.141   2.135   2.127   2.120   2.112
   2.104   2.095   2.086   2.076   2.067   2.057   2.047   2.037   2.026   2.016
   2.006   1.996   1.985   1.975   1.966   1.956   1.946   1.937   1.928   1.919
   1.910   1.901   1.892   1.884   1.876   1.868   1.860   1.852   1.844   1.837
   1.829   1.821   1.814   1.806   1.798   1.791   1.783   1.775   1.767   1.760
   1.752   1.744   1.736   1.728   1.720   1.713   1.705   1.697   1.689   1.681
   1.673   1.666   1.658   1.650   1.642   1.635   1.627   1.619   1.612   1.604
   1.597   1.589   1.581   1.574   1.566   1.558   1.551   1.543   1.535   1.527
   1.519   1.512   1.504   1.496   1.488   1.481   1.473   1.466   1.459   1.452
   1.445   1.439   1.433   1.427   1.421   1.416   1.411   1.406   1.402   1.397
   1.394   1.390   1.387   1.384   1.382   1.380   1.378   1.376   1.374   1.373
   1.372   1.371   1.371   1.370   1.370   1.370   1.370   1.370   1.370   1.370
   1.370   1.371   1.371   1.372   1.372   1.373   1.373   1.374   1.375   1.375
   1.376   1.377   1.378   1.379   1.380   1.381   1.383   1.384   1.385   1.386
   1.387   1.389   1.390   1.391   1.392   1.393   1.394   1.395   1.395   1.396
   1.397   1.397   1.398   1.398   1.398   1.398   1.398   1.398   1.398   1.397
   1.397   1.396   1.395   1.395   1.394   1.392   1.391   1.390   1.388   1.387
   1.386   1.384   1.383   1.381   1.380   1.379   1.378   1.377   1.377   1.376
   1.376   1.377   1.377   1.378   1.380   1.382   1.384   1.387   1.390   1.394
   1.399   1.403   1.409   1.415   1.421   1.428   1.436   1.444   1.452   1.461
   1.471   1.480   1.491   1.501   1.512   1.524   1.535   1.547   1.559   1.571
   1.584   1.596   1.608   1.621   1.634   1.646   1.658   1.671   1.683   1.695
   1.707   1.718   1.730   1.741   1.752   1.762   1.772   1.782   1.792   1.801
   1.809   1.818   1.826   1.833   1.840   1.847   1.854   1.860   1.865   1.871
   1.876   1.880   1.885   1.889   1.893   1.897   1.901   1.904   1.908   1.911
   1.915   1.918   1.921   1.924   1.927   1.930   1.933   1.936   1.939   1.942
   1.945   1.948   1.951   1.954   1.957   1.960   1.963   1.966   1.970   1.973
   1.977   1.981   1.984   1.988   1.993   1.997   2.001   2.005   2.010   2.014
   2.018   2.023   2.028   2.033   2.037   2.043   2.048   2.053   2.059   2.065
   2.072   2.078   2.085   2.093   2.101   2.109   2.117   2.126   2.136   2.145
   2.155   2.166   2.176   2.187   2.199   2.210   2.222   2.234   2.246   2.258
   2.271   2.283   2.296   2.308   2.321   2.334   2.346   2.359   2.371   2.384
   2.396   2.408   2.420   2.431   2.442   2.453   2.464   2.474   2.484   2.494
   2.503   2.512   2.520   2.528   2.536   2.544   2.551   2.558   2.564   2.571
   2.577   2.583   2.589   2.594   2.599   2.605   2.609   2.614   2.619   2.623
   2.627   2.631   2.634   2.638   2.641   2.644   2.647   2.650   2.652   2.654
   2.656   2.658   2.660   2.662   2.664   2.666   2.667   2.669   2.671   2.672
   2.674   2.675   2.677   2.679   2.680   2.682   2.683   2.685   2.686   2.688
   2.689   2.691   2.692   2.693   2.695   2.696   2.697   2.698   2.700   2.701
   2.702   2.703   2.704   2.706   2.707   2.708   2.709   2.711   2.712   2.714
   2.715   2.717   2.718   2.720   2.721   2.723   2.725   2.726   2.728   2.730
   2.731   2.733   2.735   2.736   2.738   2.740   2.741   2.743   2.744   2.746
   2.747   2.749   2.750   2.752   2.753   2.754   2.756   2.757   2.758   2.760
   2.761   2.761   2.762   2.763   2.763   2.763   2.763   2.763   2.762   2.761
   2.760   2.758   2.757   2.755   2.752   2.750   2.747   2.744   2.741   2.738
   2.734   2.731   2.727   2.723   2.719   2.715   2.711   2.707   2.702   2.698
   2.693   2.688   2.683   2.678   2.673   2.668   2.663   2.657   2.652   2.646
   2.641   2.635   2.630   2.624   2.618   2.612   2.606   2.601   2.595   2.589
   2.584   2.578   2.573   2.568   2.562   2.557   2.552   2.548   2.543   2.539
   2.534   2.530   2.526   2.522   2.518   2.514   2.511   2.508   2.504   2.501
   2.498   2.496   2.493   2.490   2.488   2.486   2.484   2.481   2.479   2.477
   2.475   2.473   2.471   2.469   2.467   2.464   2.462   2.459   2.456   2.453
   2.450   2.446   2.442   2.438   2.434   2.430   2.425   2.420   2.415   2.410
   2.404   2.399   2.393   2.388   2.382   2.376   2.370   2.364   2.358   2.352
   2.346   2.340   2.333   2.327   2.320   2.313   2.306   2.299   2.291   2.284
   2.276   2.268   2.259   2.251   2.242   2.233   2.224   2.214   2.205   2.195
   2.185   2.175   2.165   2.155   2.145   2.135   2.124   2.114   2.103   2.093
   2.082   2.071   2.061   2.050   2.039   2.028   2.017   2.007   1.996   1.986
   1.975   1.965   1.955   1.945   1.936   1.927   1.918   1.910   1.902   1.894
   1.887   1.880   1.874   1.868   1.862   1.857   1.853   1.848   1.844   1.840
   1.837   1.834   1.832   1.830   1.828   1.827   1.826   1.825   1.825   1.825
   1.826   1.826   1.828   1.829   1.831   1.833   1.835   1.838   1.841   1.844
   1.848   1.851   1.855   1.860   1.864   1.869   1.873   1.878   1.883   1.888
   1.893   1.898   1.903   1.907   1.912   1.917   1.922   1.926   1.931   1.935
   1.940   1.944   1.948   1.953   1.957   1.961   1.965   1.969   1.972   1.976
   1.979   1.982   1.986   1.988   1.991   1.994   1.996   1.998   2.000   2.002
   2.003   2.005   2.006   2.008   2.009   2.010   2.011   2.012   2.014   2.015
   2.016   2.018   2.019   2.021   2.022   2.024   2.026   2.028   2.029   2.031
   2.033   2.035   2.037   2.039   2.041   2.042   2.044   2.046   2.048   2.050
   2.052   2.054   2.056   2.058   2.061   2.063   2.066   2.069   2.071   2.075
   2.078   2.081   2.084   2.088   2.091   2.094   2.098   2.101   2.104   2.108
   2.111   2.114   2.116   2.119   2.122   2.124   2.127   2.130   2.132   2.135
   2.137   2.140   2.143   2.145   2.148   2.151   2.154   2.157   2.160   2.163
   2.166   2.169   2.173   2.176   2.179   2.182   2.186   2.189   2.193   2.196
   2.200   2.203   2.207   2.211   2.214   2.218   2.223   2.227   2.231   2.236
   2.241   2.246   2.251   2.257   2.263   2.269   2.275   2.282   2.289   2.296
   2.303   2.310   2.318   2.326   2.334   2.342   2.350   2.358   2.367   2.376
   2.384   2.393   2.402   2.412   2.421   2.431   2.440   2.450   2.460   2.470
   2.480   2.491   2.501   2.511   2.521   2.531   2.542   2.552   2.561   2.571
   2.581   2.590   2.599   2.608   2.616   2.625   2.633   2.640   2.647   2.655
   2.661   2.668   2.674   2.679   2.685   2.690   2.695   2.700   2.704   2.708
   2.712   2.715   2.718   2.721   2.723   2.725   2.727   2.729   2.730   2.731
   2.732   2.733   2.733   2.733   2.733   2.733   2.732   2.732   2.731   2.730
   2.729   2.727   2.726   2.725   2.723   2.722   2.720   2.718   2.717   2.715
   2.714   2.712   2.711   2.710   2.708   2.707   2.706   2.705   2.703   2.702
   2.701   2.700   2.699   2.698   2.697   2.696   2.695   2.695   2.694   2.694
   2.693   2.693   2.692   2.692   2.691   2.691   2.691   2.690   2.690   2.689
   2.689   2.688   2.687   2.686   2.685   2.684   2.682   2.681   2.679   2.677
   2.675   2.672   2.670   2.667   2.664   2.660   2.657   2.653   2.649   2.645
   2.640   2.636   2.631   2.626   2.620   2.615   2.609   2.602   2.596   2.589
   2.582   2.575   2.568   2.560   2.552   2.544   2.536   2.527   2.518   2.509
   2.499   2.490   2.480   2.470   2.460   2.449   2.438   2.428   2.417   2.406
   2.394   2.383   2.372   2.361   2.350   2.338   2.327   2.317   2.306   2.295
   2.285   2.275   2.266   2.256   2.247   2.238   2.230   2.222   2.215   2.208
   2.201   2.195   2.190   2.184   2.180   2.176   2.172   2.169   2.166   2.164
   2.162   2.161   2.160   2.160   2.160   2.160   2.161   2.162   2.164   2.165
   2.167   2.170   2.172   2.174   2.177   2.180   2.182   2.185   2.188   2.191
   2.193   2.196   2.199   2.201   2.203   2.205   2.207   2.209   2.211   2.212
   2.213   2.214   2.215   2.215   2.216   2.216   2.216   2.216   2.216   2.215
   2.215   2.214   2.213   2.212   2.211   2.210   2.209   2.208   2.207   2.205
   2.204   2.202   2.201   2.199   2.198   2.196   2.195   2.193   2.192   2.191
   2.189   2.188   2.187   2.186   2.186   2.185   2.185   2.184   2.184   2.184
   2.184   2.184   2.185   2.185   2.186   2.186   2.187   2.188   2.188   2.189
   2.190   2.191   2.192   2.193   2.194   2.196   2.197   2.198   2.200   2.202
   2.204   2.206   2.208   2.211   2.213   2.216   2.219   2.222   2.226   2.229
   2.233   2.237   2.241   2.245   2.249   2.253   2.258   2.262   2.267   2.272
   2.276   2.281   2.286   2.291   2.295   2.300   2.305   2.310   2.314   2.319
   2.324   2.328   2.333   2.338   2.343   2.348   2.352   2.358   2.363   2.368
   2.373   2.379   2.384   2.390   2.396   2.402   2.409   2.415   2.422   2.429
   2.436   2.443   2.450   2.458   2.465   2.473   2.481   2.489   2.497   2.504
   2.512   2.520   2.528   2.536   2.544   2.552   2.560   2.568   2.575   2.583
   2.591   2.598   2.606   2.614   2.621   2.629   2.636   2.644   2.651   2.659
   2.666   2.674   2.681   2.689   2.697   2.704   2.712   2.720   2.727   2.735
   2.743   2.751   2.758   2.766   2.774   2.782   2.790   2.798   2.806   2.814
   2.822   2.831   2.839   2.847   2.856   2.865   2.873   2.882   2.891   2.900
   2.909   2.918   2.928   2.937   2.947   2.956   2.966   2.976   2.986   2.996
   3.006   3.016   3.026   3.037   3.048   3.058   3.069   3.080   3.091   3.102
   3.114   3.125   3.137   3.148   3.160   3.171   3.183   3.195   3.207   3.219
   3.230   3.242   3.254   3.266   3.277   3.289   3.300   3.311   3.322   3.333
   3.344   3.354   3.364   3.374   3.384   3.393   3.402   3.411   3.420   3.428
   3.437   3.445   3.452   3.460   3.467   3.474   3.481   3.488   3.495   3.501
   3.508   3.514   3.520   3.526   3.532   3.538   3.543   3.548   3.554   3.559
   3.563   3.568   3.573   3.577   3.581   3.585   3.589   3.593   3.596   3.600
   3.603   3.606   3.609   3.612   3.614   3.617   3.619   3.621   3.623   3.625
   3.626   3.628   3.629   3.630   3.631   3.631   3.632   3.632   3.632   3.632
   3.631   3.631   3.630   3.630   3.629   3.628   3.626   3.625   3.623   3.622
   3.620   3.618   3.616   3.613   3.611   3.609   3.606   3.603   3.600   3.597
   3.594   3.590   3.587   3.583   3.579   3.575   3.571   3.567   3.563   3.559
   3.555   3.551   3.547   3.542   3.538   3.534   3.530   3.526   3.522   3.518
   3.514   3.510   3.506   3.502   3.497   3.493   3.489   3.485   3.480   3.476
   3.471   3.466   3.462   3.457   3.452   3.447   3.442   3.437   3.432   3.427
   3.421   3.416   3.410   3.405   3.399   3.393   3.387   3.380   3.374   3.367
   3.361   3.354   3.346   3.339   3.332   3.324   3.316   3.308   3.300   3.292
   3.283   3.275   3.266   3.257   3.247   3.238   3.228   3.219   3.209   3.199
   3.189   3.178   3.168   3.157   3.146   3.135   3.124   3.112   3.100   3.089
   3.077   3.064   3.052   3.039   3.026   3.013   3.000   2.987   2.973   2.960
   2.946   2.932   2.917   2.903   2.889   2.874   2.859   2.844   2.829   2.814
   2.799   2.784   2.768   2.753   2.737   2.722   2.706   2.690   2.675   2.659
   2.643   2.627   2.612   2.596   2.581   2.565   2.549   2.534   2.519   2.503
   2.488   2.473   2.458   2.444   2.429   2.415   2.401   2.387   2.373   2.359
   2.346   2.333   2.320   2.307   2.295   2.283   2.271   2.260   2.248   2.237
   2.227   2.216   2.206   2.196   2.187   2.178   2.169   2.160   2.151   2.143
   2.135   2.127   2.119   2.112   2.105   2.098   2.091   2.084   2.077   2.071
   2.064   2.058   2.052   2.046   2.040   2.035   2.030   2.024   2.019   2.014
   2.010   2.005   2.001   1.996   1.992   1.988   1.984   1.980   1.977   1.973
   1.970   1.966   1.963   1.960   1.957   1.954   1.951   1.948   1.945   1.943
   1.940   1.938   1.935   1.933   1.931   1.928   1.926   1.924   1.922   1.920
   1.918   1.917   1.915   1.913   1.912   1.910   1.909   1.908   1.907   1.906
   1.905   1.905   1.905   1.904   1.904   1.904   1.905   1.905   1.906   1.907
   1.907   1.909   1.910   1.911   1.913   1.915   1.917   1.919   1.921   1.923
   1.926   1.929   1.932   1.934   1.938   1.941   1.944   1.947   1.951   1.954
   1.957   1.961   1.964   1.967   1.971   1.974   1.977   1.980   1.983   1.986
   1.989   1.992   1.995   1.997   2.000   2.003   2.005   2.008   2.011   2.013
   2.016   2.018   2.021   2.023   2.025   2.028   2.030   2.033   2.035   2.037
   2.039   2.041   2.043   2.045   2.047   2.049   2.050   2.052   2.053   2.055
   2.056   2.058   2.059   2.060   2.061   2.062   2.064   2.065   2.066   2.066
   2.067   2.068   2.069   2.069   2.070   2.071   2.072   2.072   2.073   2.074
   2.075   2.075   2.076   2.078   2.079   2.080   2.081   2.083   2.084   2.086
   2.087   2.089   2.091   2.093   2.095   2.096   2.098   2.101   2.103   2.105
   2.107   2.109   2.112   2.114   2.116   2.119   2.121   2.124   2.126   2.129
   2.132   2.135   2.137   2.140   2.143   2.146   2.149   2.152   2.155   2.157
   2.160   2.163   2.166   2.169   2.172   2.175   2.178   2.181   2.184   2.187
   2.190   2.193   2.196   2.199   2.202   2.205   2.208   2.210   2.213   2.215
   2.217   2.220   2.222   2.224   2.226   2.228   2.229   2.231   2.232   2.234
   2.235   2.236   2.237   2.238   2.239   2.240   2.240   2.241   2.241   2.242
   2.242   2.242   2.243   2.243   2.243   2.243   2.243   2.242   2.242   2.242
   2.241   2.240   2.239   2.239   2.238   2.236   2.235   2.234   2.232   2.231
   2.229   2.228   2.226   2.224   2.222   2.220   2.218   2.216   2.214   2.212
   2.210   2.208   2.207   2.205   2.203   2.201   2.200   2.198   2.197   2.196
   2.194   2.193   2.193   2.192   2.191   2.191   2.191   2.191   2.191   2.192
   2.192   2.193   2.194   2.196   2.197   2.199   2.201   2.203   2.206   2.208
   2.211   2.214   2.217   2.220   2.224   2.227   2.231   2.235   2.239   2.243
   2.247   2.251   2.255   2.260   2.264   2.268   2.273   2.277   2.282   2.286
   2.290   2.294   2.298   2.302   2.306   2.310   2.313   2.316   2.319   2.322
   2.325   2.327   2.329   2.331   2.332   2.333   2.334   2.335   2.335   2.335
   2.335   2.335   2.334   2.333   2.332   2.331   2.329   2.328   2.326   2.324
   2.322   2.319   2.317   2.314   2.311   2.308   2.305   2.302   2.299   2.296
   2.292   2.289   2.285   2.281   2.278   2.274   2.270   2.267   2.263   2.259
   2.256   2.252   2.249   2.246   2.243   2.240   2.237   2.234   2.232   2.229
   2.227   2.226   2.224   2.222   2.221   2.220   2.219   2.219   2.218   2.218
   2.218   2.218   2.219   2.220   2.221   2.222   2.224   2.226   2.228   2.231
   2.233   2.236   2.240   2.243   2.247   2.251   2.256   2.260   2.265   2.270
   2.275   2.280   2.285   2.291   2.296   2.302   2.307   2.313   2.318   2.324
   2.329   2.334   2.340   2.345   2.350   2.356   2.361   2.366   2.371   2.376
   2.381   2.386   2.391   2.396   2.400   2.405   2.409   2.414   2.418   2.422
   2.426   2.430   2.434   2.438   2.441   2.445   2.448   2.451   2.454   2.457
   2.460   2.462   2.465   2.467   2.469   2.471   2.473   2.475   2.476   2.478
   2.479   2.480   2.481   2.482   2.483   2.484   2.485   2.486   2.486   2.487
   2.488   2.488   2.489   2.490   2.490   2.491   2.492   2.493   2.494   2.495
   2.496   2.497   2.498   2.499   2.500   2.501   2.503   2.504   2.506   2.507
   2.508   2.510   2.512   2.513   2.515   2.517   2.519   2.521   2.523   2.525
   2.527   2.529   2.531   2.533   2.535   2.538   2.540   2.542   2.545   2.547
   2.550   2.552   2.555   2.558   2.560   2.563   2.566   2.569   2.571   2.574
   2.577   2.580   2.583   2.586   2.588   2.591   2.594   2.597   2.600   2.603
   2.605   2.608   2.611   2.613   2.615   2.618   2.620   2.622   2.624   2.625
   2.627   2.628   2.629   2.631   2.632   2.633   2.633   2.634   2.635   2.635
   2.635   2.636   2.636   2.636   2.636   2.637   2.637   2.637   2.637   2.637
   2.637   2.637   2.637   2.637   2.636   2.636   2.636   2.636   2.636   2.636
   2.636   2.636   2.635   2.635   2.635   2.635   2.635   2.635   2.636   2.636
   2.636   2.636   2.637   2.637   2.638   2.638   2.639   2.640   2.641   2.642
   2.643   2.644   2.645   2.646   2.648   2.649   2.651   2.652   2.654   2.655
   2.657   2.659   2.660   2.662   2.664   2.666   2.667   2.669   2.670   2.672
   2.674   2.675   2.676   2.678   2.679   2.680   2.681   2.682   2.682   2.683
   2.684   2.684   2.684   2.685   2.685   2.685   2.685   2.686   2.686   2.686
   2.686   2.686   2.686   2.686   2.686   2.686   2.685   2.685   2.685   2.685
   2.684   2.684   2.683   2.683   2.682   2.682   2.681   2.681   2.680   2.679
   2.679   2.678   2.678   2.677   2.677   2.676   2.676   2.676   2.676   2.676
   2.677   2.677   2.678   2.679   2.680   2.682   2.683   2.685   2.687   2.689
   2.691   2.694   2.696   2.699   2.702   2.705   2.708   2.711   2.715   2.718
   2.721   2.725   2.728   2.732   2.736   2.739   2.743   2.747   2.750   2.754
   2.758   2.762   2.765   2.769   2.773   2.777   2.780   2.784   2.787   2.791
   2.794   2.798   2.801   2.804   2.807   2.810   2.813   2.816   2.819   2.821
   2.824   2.826   2.828   2.831   2.833   2.835   2.836   2.838   2.840   2.841
   2.842   2.843   2.844   2.845   2.846   2.846   2.847   2.847   2.847   2.847
   2.846   2.846   2.845   2.844   2.843   2.842   2.840   2.839   2.837   2.835
   2.832   2.830   2.827   2.824   2.821   2.818   2.815   2.811   2.807   2.803
   2.799   2.795   2.790   2.786   2.781   2.776   2.772   2.767   2.762   2.757
   2.752   2.747   2.742   2.737   2.731   2.726   2.721   2.716   2.711   2.705
   2.700   2.695   2.690   2.684   2.679   2.674   2.668   2.663   2.658   2.652
   2.647   2.642   2.636   2.631   2.626   2.620   2.615   2.610   2.604   2.599
   2.594   2.589   2.583   2.578   2.573   2.568   2.563   2.558   2.553   2.549
   2.544   2.540   2.535   2.531   2.527   2.522   2.518   2.514   2.510   2.506
   2.502   2.499   2.495   2.491   2.488   2.484   2.480   2.477   2.473   2.470
   2.466   2.462   2.459   2.455   2.452   2.448   2.445   2.441   2.438   2.434
   2.431   2.427   2.424   2.421   2.418   2.414   2.411   2.408   2.405   2.402
   2.399   2.396   2.393   2.390   2.388   2.385   2.382   2.380   2.377   2.375
   2.373   2.370   2.368   2.366   2.364   2.362   2.360   2.358   2.356   2.354
   2.353   2.351   2.350   2.348   2.347   2.346   2.345   2.344   2.343   2.342
   2.341   2.340   2.340   2.339   2.339   2.339   2.338   2.338   2.338   2.338
   2.338   2.337   2.337   2.337   2.337   2.337   2.337   2.337   2.336   2.336
   2.336   2.335   2.335   2.334   2.333   2.332   2.332   2.330   2.329   2.328
   2.326   2.324   2.322   2.320   2.318   2.316   2.313   2.311   2.308   2.305
   2.302   2.298   2.295   2.292   2.288   2.285   2.281   2.277   2.274   2.270
   2.266   2.261   2.257   2.253   2.248   2.244   2.239   2.234   2.230   2.224
   2.219   2.214   2.209   2.203   2.197   2.192   2.186   2.180   2.174   2.168
   2.162   2.156   2.150   2.144   2.138   2.132   2.126   2.120   2.114   2.108
   2.102   2.096   2.091   2.085   2.080   2.074   2.069   2.063   2.058   2.053
   2.047   2.042   2.037   2.032   2.027   2.022   2.017   2.012   2.007   2.002
   1.997   1.992   1.988   1.983   1.979   1.974   1.970   1.966   1.962   1.958
   1.954   1.950   1.947   1.943   1.940   1.936   1.933   1.930   1.927   1.924
   1.921   1.919   1.916   1.914   1.911   1.909   1.907   1.905   1.903   1.902
   1.900   1.898   1.896   1.895   1.893   1.891   1.889   1.888   1.886   1.884
   1.883   1.881   1.879   1.878   1.876   1.874   1.872   1.870   1.869   1.867
   1.865   1.863   1.861   1.859   1.857   1.855   1.853   1.852   1.850   1.848
   1.846   1.843   1.841   1.839   1.837   1.835   1.832   1.830   1.828   1.825
   1.823   1.820   1.818   1.815   1.812   1.810   1.807   1.805   1.802   1.799
   1.797   1.794   1.792   1.790   1.787   1.785   1.783   1.780   1.778   1.776
   1.774   1.772   1.770   1.768   1.766   1.765   1.763   1.761   1.760   1.758
   1.757   1.756   1.755   1.754   1.753   1.752   1.751   1.751   1.751   1.750
   1.750   1.751   1.751   1.751   1.752   1.753   1.754   1.755   1.756   1.758
   1.759   1.761   1.763   1.765   1.767   1.770   1.772   1.775   1.778   1.780
   1.784   1.787   1.790   1.794   1.797   1.801   1.805   1.809   1.813   1.817
   1.821   1.826   1.830   1.835   1.840   1.844   1.849   1.854   1.859   1.864
   1.869   1.874   1.879   1.884   1.889   1.894   1.900   1.905   1.910   1.916
   1.921   1.927   1.932   1.938   1.944   1.949   1.955   1.961   1.966   1.972
   1.978   1.983   1.989   1.995   2.000   2.006   2.011   2.016   2.021   2.027
   2.032   2.036   2.041   2.046   2.050   2.055   2.059   2.063   2.067   2.070
   2.074   2.077   2.081   2.084   2.087   2.090   2.093   2.096   2.099   2.102
   2.105   2.108   2.110   2.113   2.116   2.119   2.121   2.124   2.127   2.129
   2.132   2.134   2.137   2.139   2.141   2.143   2.146   2.148   2.150   2.152
   2.154   2.156   2.159   2.161   2.163   2.165   2.167   2.170   2.172   2.174
   2.176   2.178   2.180   2.182   2.184   2.186   2.188