# time, data
0.00000,1010.00000
0.16667,1010.02803
0.33333,1008.98235
0.50000,1009.95793
0.66667,1012.56026
0.83333,1010.60648
1.00000,1009.51307
1.16667,1009.09677
1.33333,1009.49981
1.50000,1010.86911
1.66667,1013.00517
1.83333,1012.51500
2.00000,1009.14821
2.16667,1008.15497
2.33333,1007.25618
2.50000,1008.91000
2.66667,1010.90233
2.83333,1010.94324
3.00000,1011.15763
3.16667,1010.01452
3.33333,1009.74599
3.50000,1010.75587
3.66667,1011.08444
3.83333,1010.69421
4.00000,1010.15335
4.16667,1009.76830
4.33333,1010.57198
4.50000,1010.08040
4.66667,1010.48213
4.83333,1010.44265
5.00000,1009.79351
5.16667,1010.57519
5.33333,1009.72264
5.50000,1011.24463
5.66667,1013.38711
5.83333,1010.86043
6.00000,1008.52937
6.16667,1007.70429
6.33333,1007.66919
6.50000,1009.49541
6.66667,1010.53784
6.83333,1010.28848
7.00000,1007.87882
7.16667,1009.02477
7.33333,1009.77268
7.50000,1009.36037
7.66667,1009.76538
7.83333,1009.24176
8.00000,1008.90064
8.16667,1008.53911
8.33333,1008.22099
8.50000,1009.59294
8.66667,1011.92405
8.83333,1009.36800
9.00000,1008.72758
9.16667,1008.52781
9.33333,1009.01448
9.50000,1010.71462
9.66667,1012.54325
9.83333,1011.91841
10.00000,1011.71699
10.16667,1009.85392
10.33333,1010.09221
10.50000,1009.53268
10.66667,1012.39278
10.83333,1011.87096
11.00000,1010.95131
11.16667,1008.91174
11.33333,1006.62365
11.50000,1008.40863
11.66667,1010.42222
11.83333,1010.17366
12.00000,1008.99411
12.16667,1007.95182
12.33333,1008.55644
12.50000,1009.57107
12.66667,1010.91252
12.83333,1009.91661
13.00000,1010.46691
13.16667,1009.60835
13.33333,1009.31711
13.50000,1009.47476
13.66667,1010.53529
13.83333,1010.46987
14.00000,1011.29901
14.16667,1010.00753
14.33333,1008.86283
14.50000,1010.15061
14.66667,1010.34889
14.83333,1011.76025
15.00000,1011.81689
15.16667,1009.70737
15.33333,1009.50851
15.50000,1010.44433
15.66667,1010.32179
15.83333,1008.88547
16.00000,1009.36715
16.16667,1010.41333
16.33333,1009.81280
16.50000,1009.28808
16.66667,1010.45392
16.83333,1011.06753
17.00000,1009.36792
17.16667,1007.82615
17.33333,1009.18123
17.50000,1010.20989
17.66667,1011.67783
17.83333,1010.30403
18.00000,1009.23430
18.16667,1008.94666
18.33333,1009.73829
18.50000,1009.70608
18.66667,1010.56284
18.83333,1009.00083
19.00000,1007.31094
19.16667,1008.01688
19.33333,1007.47845
19.50000,1009.17002
19.66667,1010.17134
19.83333,1011.90169
20.00000,1010.93957
20.16667,1011.13374
20.33333,1009.69312
20.50000,1010.10399
20.66667,1010.98066
20.83333,1010.66549
21.00000,1008.03021
21.16667,1008.28427
21.33333,1009.59919
21.50000,1011.21370
21.66667,1011.47798
21.83333,1010.13197
22.00000,1009.09189
22.16667,1009.42921
22.33333,1008.58075
22.50000,1010.40402
22.66667,1010.42345
22.83333,1010.97197
23.00000,1011.40088
23.16667,1011.38308
23.33333,1011.21207
23.50000,1010.98910
23.66667,1011.77180
23.83333,1011.15535
24.00000,1009.39525
24.16667,1009.35177
24.33333,1009.08710
24.50000,1010.55844
24.66667,1011.23184
24.83333,1010.03549
25.00000,1010.03674
25.16667,1007.15954
25.33333,1008.93807
25.50000,1011.16917
25.66667,1010.90283
25.83333,1011.06232
26.00000,1010.35716
26.16667,1010.39351
26.33333,1010.58580
26.50000,1012.15446
26.66667,1010.35615
26.83333,1012.14250
27.00000,1012.53016
27.16667,1011.40354
27.33333,1009.34594
27.50000,1009.26422
27.66667,1011.08192
27.83333,1010.80534
28.00000,1011.03909
28.16667,1010.80485
28.33333,1011.07363
28.50000,1012.25025
28.66667,1012.80046
28.83333,1013.23355
29.00000,1011.90203
29.16667,1009.96861
29.33333,1009.62371
29.50000,1009.50666
29.66667,1010.86721
29.83333,1009.47327
30.00000,1010.95232
30.16667,1010.45074
30.33333,1010.70481
30.50000,1010.65593
30.66667,1011.51377
30.83333,1011.86953
31.00000,1010.87138
31.16667,1007.91879
31.33333,1009.36492
31.50000,1010.19691
31.66667,1011.49991
31.83333,1010.69083
32.00000,1009.72214
32.16667,1010.88479
32.33333,1009.46003
32.50000,1008.42477
32.66667,1010.36653
32.83333,1011.46223
33.00000,1009.24356
33.16667,1008.48795
33.33333,1008.79864
33.50000,1008.56229
33.66667,1009.97574
33.83333,1011.05342
34.00000,1008.36728
34.16667,1008.92651
34.33333,1008.52163
34.50000,1009.09247
34.66667,1010.47844
34.83333,1010.05059
35.00000,1010.75589
35.16667,1010.55334
35.33333,1010.35543
35.50000,1012.01241
35.66667,1011.17316
35.83333,1011.52049
36.00000,1011.44742
36.16667,1012.15761
36.33333,1012.46822
36.50000,1010.56555
36.66667,1010.98754
36.83333,1012.37847
37.00000,1011.89316
37.16667,1011.29414
37.33333,1008.95473
37.50000,1011.69983
37.66667,1013.13639
37.83333,1012.32459
38.00000,1010.24269
38.16667,1009.91802
38.33333,1009.52188
38.50000,1010.68356
38.66667,1011.76816
38.83333,1010.88062
39.00000,1010.62611
39.16667,1010.84768
39.33333,1011.33666
39.50000,1012.06105
39.66667,1011.03716
39.83333,1012.65542
40.00000,1008.03288
40.16667,1007.42646
40.33333,1008.81619
40.50000,1010.01804
40.66667,1011.15625
40.83333,1011.72412
41.00000,1010.98319
41.16667,1010.09980
41.33333,1011.38497
41.50000,1012.91703
41.66667,1012.07421
41.83333,1010.84194
42.00000,1010.51966
42.16667,1011.23945
42.33333,1008.94202
42.50000,1010.53584
42.66667,1011.03345
42.83333,1013.63044
43.00000,1011.16394
43.16667,1010.18032
43.33333,1008.58587
43.50000,1011.01481
43.66667,1011.56051
43.83333,1010.89533
44.00000,1009.63231
44.16667,1009.49997
44.33333,1009.16742
44.50000,1011.09062
44.66667,1011.62590
44.83333,1012.43430
45.00000,1009.25208
45.16667,1010.07056
45.33333,1008.88395
45.50000,1009.58007
45.66667,1010.81439
45.83333,1010.47503
46.00000,1009.22601
46.16667,1007.00587
46.33333,1008.42624
46.50000,1011.26302
46.66667,1011.29910
46.83333,1011.99576
47.00000,1008.89349
47.16667,1009.00006
47.33333,1008.37310
47.50000,1009.59103
47.66667,1011.87607
47.83333,1012.09629
48.00000,1012.61930
48.16667,1011.09176
48.33333,1011.73075
48.50000,1010.58445
48.66667,1008.43416
48.83333,1009.74117
49.00000,1011.00470
49.16667,1009.18537
49.33333,1007.93190
49.50000,1009.51985
49.66667,1011.97664
49.83333,1012.92201
50.00000,1011.50930
50.16667,1010.24004
50.33333,1010.46266
50.50000,1011.30806
50.66667,1011.84821
50.83333,1012.70897
51.00000,1011.03394
51.16667,1010.95247
51.33333,1013.23331
51.50000,1014.16451
51.66667,1012.89060
51.83333,1011.93153
52.00000,1011.58879
52.16667,1010.21623
52.33333,1012.15501
52.50000,1012.24194
52.66667,1012.79542
52.83333,1011.43641
53.00000,1009.13838
53.16667,1008.98410
53.33333,1008.65431
53.50000,1010.79267
53.66667,1012.39433
53.83333,1012.25565
54.00000,1011.02313
54.16667,1010.64467
54.33333,1010.75708
54.50000,1013.23532
54.66667,1012.63312
54.83333,1011.50208
55.00000,1011.77495
55.16667,1011.01315
55.33333,1010.09745
55.50000,1010.51995
55.66667,1011.03464
55.83333,1010.83445
56.00000,1009.23400
56.16667,1010.46682
56.33333,1010.89519
56.50000,1010.51773
56.66667,1011.62276
56.83333,1011.23619
57.00000,1011.69242
57.16667,1011.52843
57.33333,1010.64867
57.50000,1012.45246
57.66667,1012.55248
57.83333,1013.08612
58.00000,1011.98928
58.16667,1010.53238
58.33333,1010.63342
58.50000,1011.72897
58.66667,1012.01110
58.83333,1012.03621
59.00000,1010.63162
59.16667,1009.35746
59.33333,1009.12984
59.50000,1010.65759
59.66667,1012.75381
59.83333,1013.50286
60.00000,1011.01723
60.16667,1010.47590
60.33333,1009.24445
60.50000,1010.68203
60.66667,1011.05694
60.83333,1011.61223
61.00000,1010.48911
61.16667,1009.87534
61.33333,1010.72793
61.50000,1011.90261
61.66667,1012.97683
61.83333,1014.71077
62.00000,1013.88693
62.16667,1011.60109
62.33333,1011.23612
62.50000,1011.43090
62.66667,1012.48006
62.83333,1011.61985
63.00000,1011.87021
63.16667,1011.82812
63.33333,1012.81017
63.50000,1012.47933
63.66667,1012.13657
63.83333,1012.49176
64.00000,1013.08558
64.16667,1011.09961
64.33333,1011.29766
64.50000,1011.95456
64.66667,1012.17740
64.83333,1011.79726
65.00000,1010.04381
65.16667,1009.59634
65.33333,1011.06051
65.50000,1013.57070
65.66667,1014.51306
65.83333,1011.20407
66.00000,1011.69633
66.16667,1009.64753
66.33333,1011.63329
66.50000,1009.56904
66.66667,1010.14395
66.83333,1010.33961
67.00000,1009.69017
67.16667,1009.07020
67.33333,1011.08473
67.50000,1012.20233
67.66667,1010.69019
67.83333,1010.91011
68.00000,1010.53558
68.16667,1011.04244
68.33333,1011.91972
68.50000,1013.20935
68.66667,1014.74425
68.83333,1012.61733
69.00000,1011.34572
69.16667,1009.85880
69.33333,1010.89296
69.50000,1013.31409
69.66667,1013.45640
69.83333,1014.56311
70.00000,1012.59323
70.16667,1011.59715
70.33333,1010.87089
70.50000,1012.39926
70.66667,1011.44055
70.83333,1012.47926
71.00000,1010.95868
71.16667,1011.93726
71.33333,1009.98589
71.50000,1010.61867
71.66667,1012.79134
71.83333,1014.30622
72.00000,1013.39565
72.16667,1010.60909
72.33333,1010.27820
72.50000,1011.11867
72.66667,1012.55586
72.83333,1011.44014
73.00000,1011.13213
73.16667,1010.41620
73.33333,1011.40588
73.50000,1012.69238
73.66667,1013.29150
73.83333,1012.26220
74.00000,1010.16569
74.16667,1009.72095
74.33333,1011.65571
74.50000,1012.04709
74.66667,1013.37294
74.83333,1011.07708
75.00000,1012.16463
75.16667,1010.74363
75.33333,1012.62945
75.50000,1014.23534
75.66667,1011.57098
75.83333,1010.20642
76.00000,1010.30143
76.16667,1009.27367
76.33333,1011.69668
76.50000,1013.08762
76.66667,1013.53999
76.83333,1012.47715
77.00000,1012.66970
77.16667,1011.72933
77.33333,1011.92801
77.50000,1011.63840
77.66667,1015.50481
77.83333,1015.28032
78.00000,1013.39617
78.16667,1011.58443
78.33333,1012.10097
78.50000,1012.18936
78.66667,1013.44132
78.83333,1014.07916
79.00000,1012.20404
79.16667,1011.46271
79.33333,1012.45799
79.50000,1011.68163
79.66667,1011.90338
79.83333,1011.63057
80.00000,1012.36331
80.16667,1012.72250
80.33333,1012.39170
80.50000,1015.47205
80.66667,1016.27077
80.83333,1013.20097
81.00000,1012.26724
81.16667,1012.06394
81.33333,1012.94751
81.50000,1014.76433
81.66667,1012.22324
81.83333,1011.71981
82.00000,1011.79112
82.16667,1010.67712
82.33333,1010.56088
82.50000,1012.41116
82.66667,1011.68698
82.83333,1012.23032
83.00000,1012.67173
83.16667,1010.81825
83.33333,1012.93769
83.50000,1013.22140
83.66667,1012.80649
83.83333,1013.00900
84.00000,1012.54875
84.16667,1011.61974
84.33333,1011.67925
84.50000,1012.70753
84.66667,1013.07040
84.83333,1013.87746
85.00000,1012.38608
85.16667,1012.85501
85.33333,1013.87712
85.50000,1013.37193
85.66667,1013.85094
85.83333,1014.06078
86.00000,1013.54226
86.16667,1013.87590
86.33333,1014.38043
86.50000,1014.59979
86.66667,1014.97978
86.83333,1013.59430
87.00000,1012.53395
87.16667,1010.73493
87.33333,1010.72749
87.50000,1010.95817
87.66667,1012.94560
87.83333,1013.28350
88.00000,1013.33000
88.16667,1010.30985
88.33333,1010.09654
88.50000,1011.92488
88.66667,1013.72481
88.83333,1012.63852
89.00000,1009.55885
89.16667,1009.99645
89.33333,1010.84319
89.50000,1011.46337
89.66667,1011.07550
89.83333,1012.82321
90.00000,1011.78795
90.16667,1012.56971
90.33333,1011.98269
90.50000,1014.71819
90.66667,1016.66432
90.83333,1014.13598
91.00000,1012.82045
91.16667,1010.64103
91.33333,1011.93160
91.50000,1011.37558
91.66667,1014.09753
91.83333,1012.62757
92.00000,1010.56088
92.16667,1011.19451
92.33333,1012.60606
92.50000,1013.33887
92.66667,1014.68625
92.83333,1013.41688
93.00000,1013.67107
93.16667,1012.81668
93.33333,1012.39094
93.50000,1013.50909
93.66667,1013.16871
93.83333,1012.07295
94.00000,1011.71368
94.16667,1011.94126
94.33333,1012.88054
94.50000,1014.37823
94.66667,1014.42037
94.83333,1015.09226
95.00000,1014.33982
95.16667,1010.31362
95.33333,1012.93026
95.50000,1013.58660
95.66667,1013.52760
95.83333,1013.86386
96.00000,1013.20349
96.16667,1010.13950
96.33333,1012.78871
96.50000,1013.91859
96.66667,1014.83638
96.83333,1014.10981
97.00000,1013.40569
97.16667,1012.84402
97.33333,1013.36872
97.50000,1014.88813
97.66667,1016.56786
97.83333,1013.82661
98.00000,1014.82295
98.16667,1013.41003
98.33333,1010.67324
98.50000,1012.18195
98.66667,1012.43979
98.83333,1013.36486
99.00000,1012.65131
99.16667,1011.07487
99.33333,1012.15633
99.50000,1015.04695
99.66667,1013.16118
99.83333,1013.39787
100.00000,1014.22994
100.16667,1013.67071
100.33333,1013.39680
100.50000,1011.62122
100.66667,1014.88934
100.83333,1015.16978
101.00000,1014.29198
101.16667,1011.47091
101.33333,1010.97516
101.50000,1012.40609
101.66667,1012.12614
101.83333,1013.88249
102.00000,1012.79665
102.16667,1012.61145
102.33333,1011.29567
102.50000,1013.28108
102.66667,1013.70310
102.83333,1013.82796
103.00000,1013.79607
103.16667,1015.48209
103.33333,1012.87542
103.50000,1014.47321
103.66667,1015.42863
103.83333,1015.80298
104.00000,1012.71930
104.16667,1011.26904
104.33333,1013.14735
104.50000,1015.32637
104.66667,1015.74501
104.83333,1014.40643
105.00000,1014.97510
105.16667,1011.85888
105.33333,1011.60777
105.50000,1014.07202
105.66667,1015.68722
105.83333,1015.96996
106.00000,1015.41193
106.16667,1012.58254
106.33333,1012.20968
106.50000,1014.45705
106.66667,1015.92277
106.83333,1015.16817
107.00000,1014.29410
107.16667,1012.64011
107.33333,1013.23712
107.50000,1013.60713
107.66667,1013.76990
107.83333,1013.90625
108.00000,1013.66159
108.16667,1012.98846
108.33333,1012.93265
108.50000,1014.80312
108.66667,1013.46751
108.83333,1015.21311
109.00000,1015.31922
109.16667,1014.89702
109.33333,1014.79294
109.50000,1014.34470
109.66667,1013.79095
109.83333,1014.50560
110.00000,1015.13806
110.16667,1012.83871
110.33333,1012.70261
110.50000,1014.01166
110.66667,1014.31474
110.83333,1015.26442
111.00000,1015.38543
111.16667,1014.79570
111.33333,1013.43829
111.50000,1013.55954
111.66667,1014.48155
111.83333,1015.50970
112.00000,1014.42333
112.16667,1015.93674
112.33333,1014.60707
112.50000,1014.41794
112.66667,1015.33170
112.83333,1015.16757
113.00000,1013.57040
113.16667,1011.22239
113.33333,1012.19403
113.50000,1013.24286
113.66667,1013.67751
113.83333,1014.70562
114.00000,1015.11146
114.16667,1014.34508
114.33333,1014.50827
114.50000,1014.34065
114.66667,1016.57974
114.83333,1016.56711
115.00000,1015.53314
115.16667,1012.99007
115.33333,1015.00572
115.50000,1016.73173
115.66667,1015.77756
115.83333,1017.10371
116.00000,1015.13811
116.16667,1013.79192
116.33333,1013.34990
116.50000,1013.73726
116.66667,1016.82941
116.83333,1017.09603
117.00000,1015.95805
117.16667,1016.34510
117.33333,1014.93290
117.50000,1015.18780
117.66667,1015.88496
117.83333,1016.56383
118.00000,1014.55146
118.16667,1014.57781
118.33333,1013.92771
118.50000,1014.80466
118.66667,1016.71639
118.83333,1013.62882
119.00000,1014.01742
119.16667,1012.28793
119.33333,1011.20699
119.50000,1013.03142
119.66667,1014.90618
119.83333,1014.45355
120.00000,1012.95101
120.16667,1012.74320
120.33333,1012.93599
120.50000,1014.20918
120.66667,1014.50210
120.83333,1016.48214
121.00000,1014.32952
121.16667,1012.50646
121.33333,1013.33026
121.50000,1012.28972
121.66667,1012.31089
121.83333,1015.28700
122.00000,1015.34830
122.16667,1015.48810
122.33333,1014.50052
122.50000,1014.37545
122.66667,1013.56753
122.83333,1014.96598
123.00000,1014.05269
123.16667,1013.71811
123.33333,1013.26198
123.50000,1016.18707
123.66667,1014.69099
123.83333,1016.44091
124.00000,1014.82471
124.16667,1013.89187
124.33333,1013.40569
124.50000,1015.14126
124.66667,1014.69849
124.83333,1014.21854
125.00000,1015.57739
125.16667,1014.68014
125.33333,1013.58573
125.50000,1012.94143
125.66667,1015.12195
125.83333,1013.30650
126.00000,1012.18335
126.16667,1013.99021
126.33333,1013.26768
126.50000,1013.63098
126.66667,1015.25749
126.83333,1015.79153
127.00000,1014.88725
127.16667,1014.61658
127.33333,1014.33703
127.50000,1015.19022
127.66667,1013.77249
127.83333,1014.65313
128.00000,1014.33835
128.16667,1013.89796
128.33333,1013.34960
128.50000,1015.09374
128.66667,1015.14408
128.83333,1014.85616
129.00000,1014.40098
129.16667,1016.28251
129.33333,1014.80676
129.50000,1014.46027
129.66667,1015.53808
129.83333,1015.43142
130.00000,1014.30415
130.16667,1012.88405
130.33333,1013.65417
130.50000,1015.92388
130.66667,1015.36056
130.83333,1016.07400
131.00000,1013.95024
131.16667,1015.47001
131.33333,1014.65165
131.50000,1014.60556
131.66667,1015.18893
131.83333,1014.70229
132.00000,1014.92649
132.16667,1012.20263
132.33333,1013.07752
132.50000,1014.43992
132.66667,1015.80748
132.83333,1016.39472
133.00000,1015.33076
133.16667,1013.77058
133.33333,1013.35716
133.50000,1015.73062
133.66667,1017.19608
133.83333,1017.51384
134.00000,1014.96908
134.16667,1013.07971
134.33333,1013.79067
134.50000,1015.47890
134.66667,1015.47614
134.83333,1015.24478
135.00000,1014.21467
135.16667,1013.19889
135.33333,1013.07225
135.50000,1014.29514
135.66667,1014.77802
135.83333,1015.86062
136.00000,1015.43369
136.16667,1012.82069
136.33333,1013.97379
136.50000,1014.99040
136.66667,1015.52527
136.83333,1016.06359
137.00000,1015.39762
137.16667,1015.79670
137.33333,1015.37886
137.50000,1015.92467
137.66667,1018.43687
137.83333,1018.28521
138.00000,1015.48962
138.16667,1015.32564
138.33333,1016.79293
138.50000,1015.00104
138.66667,1016.86330
138.83333,1016.75021
139.00000,1015.18010
139.16667,1012.91787
139.33333,1014.24009
139.50000,1014.60042
139.66667,1017.06542
139.83333,1017.01313
140.00000,1016.16614
140.16667,1013.11049
140.33333,1013.03911
140.50000,1014.12808
140.66667,1016.69234
140.83333,1016.67051
141.00000,1015.36959
141.16667,1014.93251
141.33333,1014.91210
141.50000,1013.92935
141.66667,1017.19840
141.83333,1015.92388
142.00000,1015.96768
142.16667,1016.04210
142.33333,1015.04649
142.50000,1015.62749
142.66667,1016.14697
142.83333,1017.29851
143.00000,1015.95241
143.16667,1015.23564
143.33333,1014.32781
143.50000,1014.99388
143.66667,1015.58352
143.83333,1015.11624
144.00000,1014.48433
144.16667,1015.10303
144.33333,1015.02908
144.50000,1017.44255
144.66667,1017.03555
144.83333,1016.83533
145.00000,1016.43500
145.16667,1015.82824
145.33333,1014.56803
145.50000,1015.32652
145.66667,1016.37548
145.83333,1015.88972
146.00000,1016.33161
146.16667,1014.47191
146.33333,1014.33179
146.50000,1014.83394
146.66667,1015.04404
146.83333,1015.82843
147.00000,1013.92953
147.16667,1013.67913
147.33333,1014.58494
147.50000,1015.64522
147.66667,1017.55626
147.83333,1017.57621
148.00000,1017.34877
148.16667,1013.99836
148.33333,1012.80094
148.50000,1013.15336
148.66667,1015.19513
148.83333,1015.37452
149.00000,1015.14907
149.16667,1013.06860
149.33333,1014.60420
149.50000,1016.57177
149.66667,1017.83301
149.83333,1016.91481
150.00000,1015.20621
150.16667,1013.69879
150.33333,1014.74275
150.50000,1016.09539
150.66667,1016.56615
150.83333,1014.65273
151.00000,1016.00644
151.16667,1016.54628
151.33333,1014.72910
151.50000,1015.25300
151.66667,1016.32479
151.83333,1017.42095
152.00000,1015.74562
152.16667,1014.43390
152.33333,1014.90203
152.50000,1016.42803
152.66667,1017.49436
152.83333,1018.20040
153.00000,1017.90916
153.16667,1016.29217
153.33333,1016.17075
153.50000,1015.15400
153.66667,1015.50675
153.83333,1013.69990
154.00000,1015.27478
154.16667,1012.70083
154.33333,1012.23444
154.50000,1015.06194
154.66667,1015.76097
154.83333,1016.49059
155.00000,1015.28980
155.16667,1014.13283
155.33333,1014.76544
155.50000,1016.74990
155.66667,1015.55470
155.83333,1015.40352
156.00000,1014.11638
156.16667,1012.51640
156.33333,1012.52255
156.50000,1014.66197
156.66667,1016.90225
156.83333,1017.73880
157.00000,1016.30943
157.16667,1016.65079
157.33333,1014.78944
157.50000,1015.82930
157.66667,1015.99723
157.83333,1015.17251
158.00000,1014.05393
158.16667,1014.85758
158.33333,1016.04803
158.50000,1016.24360
158.66667,1016.16268
158.83333,1017.05674
159.00000,1017.02439
159.16667,1013.45409
159.33333,1015.47019
159.50000,1015.50032
159.66667,1016.30544
159.83333,1015.38655
160.00000,1015.64965
160.16667,1016.55959
160.33333,1014.56540
160.50000,1015.02022
160.66667,1018.80716
160.83333,1018.21835
161.00000,1014.47851
161.16667,1012.53258
161.33333,1012.74263
161.50000,1014.26375
161.66667,1015.14414
161.83333,1015.01241
162.00000,1015.79990
162.16667,1014.69739
162.33333,1013.67039
162.50000,1015.61537
162.66667,1017.02149
162.83333,1016.66906
163.00000,1016.98345
163.16667,1015.18815
163.33333,1015.00624
163.50000,1014.81683
163.66667,1016.19145
163.83333,1016.31320
164.00000,1014.33937
164.16667,1014.11949
164.33333,1015.35684
164.50000,1016.82779
164.66667,1016.38850
164.83333,1014.85556
165.00000,1014.57559
165.16667,1015.86759
165.33333,1013.97135
165.50000,1014.09363
165.66667,1016.03455
165.83333,1016.75399
166.00000,1017.09922
166.16667,1014.12422
166.33333,1013.49903
166.50000,1014.82623
166.66667,1015.35555
166.83333,1018.16856
167.00000,1018.28489
167.16667,1014.52251
167.33333,1014.22526
167.50000,1016.15644
167.66667,1016.79266
167.83333,1018.60127
168.00000,1016.61009
168.16667,1015.53408
168.33333,1014.70171
168.50000,1015.79985
168.66667,1015.79418
168.83333,1014.36915
169.00000,1015.31275
169.16667,1012.56297
169.33333,1011.95207
169.50000,1013.87912
169.66667,1014.70067
169.83333,1016.07608
170.00000,1016.80059
170.16667,1014.78002
170.33333,1015.14047
170.50000,1015.22425
170.66667,1016.28418
170.83333,1015.81616
171.00000,1015.82344
171.16667,1014.12446
171.33333,1015.44060
171.50000,1017.35036
171.66667,1018.48996
171.83333,1016.24329
172.00000,1015.57511
172.16667,1016.72650
172.33333,1016.57038
172.50000,1015.54644
172.66667,1016.81036
172.83333,1016.77877
173.00000,1016.21363
173.16667,1015.11315
173.33333,1013.44168
173.50000,1015.21305
173.66667,1015.80354
173.83333,1015.84279
174.00000,1016.45343
174.16667,1015.17853
174.33333,1015.01687
174.50000,1017.13213
174.66667,1018.36207
174.83333,1017.92410
175.00000,1015.33654
175.16667,1013.51065
175.33333,1015.53362
175.50000,1016.23978
175.66667,1018.28041
175.83333,1018.48828
176.00000,1016.70374
176.16667,1015.39125
176.33333,1015.15723
176.50000,1014.75466
176.66667,1016.96847
176.83333,1017.92834
177.00000,1017.39068
177.16667,1014.76014
177.33333,1016.20190
177.50000,1017.50678
177.66667,1016.56961
177.83333,1016.33936
178.00000,1015.88975
178.16667,1012.46280
178.33333,1014.16501
178.50000,1014.74152
178.66667,1017.03930
178.83333,1015.93524
179.00000,1016.25166
179.16667,1016.33519
179.33333,1015.18731
179.50000,1017.63957
179.66667,1017.69352
179.83333,1016.97415
180.00000,1016.47975
180.16667,1015.35012
180.33333,1016.08095
180.50000,1015.44424
180.66667,1016.77570
180.83333,1016.64714
181.00000,1014.81134
181.16667,1015.33861
181.33333,1014.39003
181.50000,1015.14655
181.66667,1014.75229
181.83333,1015.22614
182.00000,1014.66519
182.16667,1013.49650
182.33333,1015.33991
182.50000,1015.20254
182.66667,1017.46352
182.83333,1020.16812
183.00000,1016.63039
183.16667,1014.60860
183.33333,1015.64374
183.50000,1015.49813
183.66667,1015.43576
183.83333,1016.57180
184.00000,1016.53482
184.16667,1016.94261
184.33333,1014.41518
184.50000,1015.46777
184.66667,1015.14678
184.83333,1015.40531
185.00000,1017.49064
185.16667,1016.17920
185.33333,1014.79962
185.50000,1016.66897
185.66667,1017.97542
185.83333,1017.20905
186.00000,1016.11703
186.16667,1016.20502
186.33333,1017.34562
186.50000,1017.72498
186.66667,1017.23420
186.83333,1017.08348
187.00000,1015.53078
187.16667,1014.32052
187.33333,1014.03031
187.50000,1016.22242
187.66667,1017.57285
187.83333,1015.93635
188.00000,1015.01182
188.16667,1015.79042
188.33333,1015.60049
188.50000,1016.02889
188.66667,1018.05810
188.83333,1014.98431
189.00000,1014.23453
189.16667,1012.84393
189.33333,1013.94921
189.50000,1016.64179
189.66667,1016.57526
189.83333,1015.65687
190.00000,1016.30585
190.16667,1015.83814
190.33333,1014.81014
190.50000,1017.01545
190.66667,1017.16741
190.83333,1019.51900
191.00000,1017.93862
191.16667,1015.20663
191.33333,1016.36124
191.50000,1017.29900
191.66667,1017.56797
191.83333,1016.47979
192.00000,1014.74315
192.16667,1015.05427
192.33333,1014.90832
192.50000,1017.46355
192.66667,1017.80068
192.83333,1016.54276
193.00000,1014.45611
193.16667,1013.91419
193.33333,1015.26870
193.50000,1017.35662
193.66667,1017.59080
193.83333,1018.77919
194.00000,1017.49898
194.16667,1014.90597
194.33333,1014.84868
194.50000,1016.07783
194.66667,1016.85266
194.83333,1016.88892
195.00000,1016.58755
195.16667,1016.67938
195.33333,1015.83316
195.50000,1017.42816
195.66667,1015.89076
195.83333,1017.99682
196.00000,1014.92814
196.16667,1014.57435
196.33333,1014.69515
196.50000,1017.30870
196.66667,1018.70819
196.83333,1016.96049
197.00000,1015.06885
197.16667,1014.77608
197.33333,1015.66001
197.50000,1016.44625
197.66667,1015.93255
197.83333,1016.26762
198.00000,1015.00221
198.16667,1015.93833
198.33333,1015.56139
198.50000,1018.57873
198.66667,1017.59828
198.83333,1016.15415
199.00000,1016.36559
199.16667,1015.16807
199.33333,1015.64091
199.50000,1016.47758
199.66667,1016.69481
199.83333,1015.88764
200.00000,1016.50756
200.16667,1016.80407
200.33333,1016.50051
200.50000,1016.07000
200.66667,1017.24177
200.83333,1017.47652
201.00000,1014.81780
201.16667,1015.74300
201.33333,1014.38573
201.50000,1017.49622
201.66667,1017.31285
201.83333,1016.94027
202.00000,1015.11927
202.16667,1013.81919
202.33333,1014.33110
202.50000,1015.56857
202.66667,1016.16440
202.83333,1016.27201
203.00000,1015.29883
203.16667,1015.27015
203.33333,1015.55080
203.50000,1017.29534
203.66667,1015.62419
203.83333,1013.17426
204.00000,1014.24185
204.16667,1014.61210
204.33333,1012.94345
204.50000,1013.78202
204.66667,1016.37090
204.83333,1016.21431
205.00000,1016.53005
205.16667,1014.06925
205.33333,1014.18669
205.50000,1014.59500
205.66667,1015.29896
205.83333,1016.19617
206.00000,1014.29152
206.16667,1015.87092
206.33333,1014.83074
206.50000,1015.84486
206.66667,1016.36298
206.83333,1016.66248
207.00000,1015.49747
207.16667,1014.76495
207.33333,1017.39158
207.50000,1017.35087
207.66667,1017.65049
207.83333,1017.75021
208.00000,1017.51953
208.16667,1018.47375
208.33333,1019.79095
208.50000,1017.57742
208.66667,1017.22326
208.83333,1015.62048
209.00000,1015.83214
209.16667,1014.97421
209.33333,1015.27708
209.50000,1014.14796
209.66667,1015.80511
209.83333,1015.84479
210.00000,1014.96826
210.16667,1014.02426
210.33333,1013.25578
210.50000,1015.44226
210.66667,1016.89390
210.83333,1016.63114
211.00000,1014.16864
211.16667,1014.77415
211.33333,1014.56601
211.50000,1017.04159
211.66667,1016.32001
211.83333,1015.66055
212.00000,1014.70664
212.16667,1015.66872
212.33333,1013.78475
212.50000,1015.57699
212.66667,1014.10183
212.83333,1016.73320
213.00000,1014.77524
213.16667,1014.06413
213.33333,1013.28431
213.50000,1015.29122
213.66667,1016.58285
213.83333,1016.41045
214.00000,1013.81139
214.16667,1013.93374
214.33333,1013.25307
214.50000,1013.37492
214.66667,1013.50202
214.83333,1013.47664
215.00000,1014.34125
215.16667,1012.86624
215.33333,1014.16112
215.50000,1017.79435
215.66667,1017.16385
215.83333,1015.64537
216.00000,1013.27195
216.16667,1013.09179
216.33333,1014.53343
216.50000,1015.59493
216.66667,1017.69438
216.83333,1018.58442
217.00000,1015.35417
217.16667,1014.36922
217.33333,1014.96287
217.50000,1016.26358
217.66667,1016.06491
217.83333,1016.81403
218.00000,1017.07022
218.16667,1015.24236
218.33333,1014.44315
218.50000,1016.12945
218.66667,1013.67549
218.83333,1014.61967
219.00000,1014.82509
219.16667,1012.26749
219.33333,1013.21792
219.50000,1014.96025
219.66667,1015.34521
219.83333,1016.71359
220.00000,1015.66614
220.16667,1015.96964
220.33333,1014.68391
220.50000,1014.77964
220.66667,1015.78665
220.83333,1015.84867
221.00000,1014.37281
221.16667,1015.48164
221.33333,1014.66535
221.50000,1013.85365
221.66667,1014.21420
221.83333,1013.03333
222.00000,1013.90273
222.16667,1014.37723
222.33333,1013.87584
222.50000,1014.59957
222.66667,1015.60951
222.83333,1015.41866
223.00000,1014.92986
223.16667,1013.61342
223.33333,1014.29599
223.50000,1016.36799
223.66667,1018.73090
223.83333,1018.07126
224.00000,1016.21265
224.16667,1015.76365
224.33333,1013.36975
224.50000,1014.80395
224.66667,1016.62498
224.83333,1014.70017
225.00000,1015.00914
225.16667,1013.74224
225.33333,1016.75978
225.50000,1016.92065
225.66667,1017.23019
225.83333,1019.22077
226.00000,1017.91558
226.16667,1014.84597
226.33333,1014.26168
226.50000,1015.62570
226.66667,1015.63063
226.83333,1016.63438
227.00000,1016.45563
227.16667,1015.10161
227.33333,1015.92092
227.50000,1014.93871
227.66667,1015.58927
227.83333,1017.31497
228.00000,1015.16092
228.16667,1013.04601
228.33333,1012.89855
228.50000,1012.76161
228.66667,1014.22925
228.83333,1015.32843
229.00000,1014.87461
229.16667,1015.34465
229.33333,1013.67967
229.50000,1015.01096
229.66667,1014.94294
229.83333,1016.03489
230.00000,1014.92180
230.16667,1013.16021
230.33333,1014.34106
230.50000,1015.79896
230.66667,1015.98764
230.83333,1016.86231
231.00000,1013.82347
231.16667,1011.98150
231.33333,1011.36761
231.50000,1012.78230
231.66667,1013.95636
231.83333,1015.44113
232.00000,1015.45907
232.16667,1013.87469
232.33333,1015.46887
232.50000,1015.79382
232.66667,1016.72749
232.83333,1016.49350
233.00000,1016.94259
233.16667,1014.64927
233.33333,1014.60588
233.50000,1015.17495
233.66667,1015.21607
233.83333,1015.53153
234.00000,1015.61813
234.16667,1015.93865
234.33333,1013.75694
234.50000,1015.11710
234.66667,1015.57755
234.83333,1015.74117
235.00000,1015.01793
235.16667,1016.36502
235.33333,1015.24424
235.50000,1016.60166
235.66667,1017.28861
235.83333,1015.97241
236.00000,1015.04771
236.16667,1014.44991
236.33333,1014.94027
236.50000,1015.40813
236.66667,1016.06677
236.83333,1016.40483
237.00000,1014.34592
237.16667,1012.36357
237.33333,1011.79582
237.50000,1013.58508
237.66667,1014.60177
237.83333,1014.16900
238.00000,1013.64818
238.16667,1012.65837
238.33333,1011.81280
238.50000,1014.36470
238.66667,1015.22187
238.83333,1013.65528
239.00000,1013.95698
239.16667,1012.83618
239.33333,1013.48729
239.50000,1014.96047
239.66667,1015.41204
239.83333,1015.62352
240.00000,1012.67601
240.16667,1013.11302
240.33333,1012.41162
240.50000,1014.13040
240.66667,1014.54657
240.83333,1015.14138
241.00000,1013.27781
241.16667,1012.09332
241.33333,1014.43896
241.50000,1012.08621
241.66667,1015.53806
241.83333,1015.39745
242.00000,1015.51693
242.16667,1015.50364
242.33333,1014.53740
242.50000,1015.98781
242.66667,1015.16224
242.83333,1014.32816
243.00000,1014.45703
243.16667,1014.70076
243.33333,1014.37900
243.50000,1013.28915
243.66667,1011.59196
243.83333,1011.91305
244.00000,1012.54253
244.16667,1013.48099
244.33333,1011.80767
244.50000,1013.71701
244.66667,1014.23794
244.83333,1014.33994
245.00000,1011.58316
245.16667,1012.44366
245.33333,1013.29125
245.50000,1015.68745
245.66667,1014.94598
245.83333,1015.37632
246.00000,1014.94719
246.16667,1013.85298
246.33333,1013.21102
246.50000,1012.82986
246.66667,1014.63132
246.83333,1014.40457
247.00000,1014.37699
247.16667,1014.31669
247.33333,1013.66024
247.50000,1013.75914
247.66667,1015.31965
247.83333,1015.06147
248.00000,1013.97933
248.16667,1015.04377
248.33333,1015.73331
248.50000,1015.91259
248.66667,1015.24228
248.83333,1013.85677
249.00000,1014.49650
249.16667,1013.06538
249.33333,1014.50104
249.50000,1015.27018
249.66667,1014.93022
249.83333,1016.02158
250.00000,1015.01701
250.16667,1015.11717
250.33333,1015.43381
250.50000,1015.23197
250.66667,1014.34724
250.83333,1014.14402
251.00000,1013.99373
251.16667,1014.90217
251.33333,1016.27435
251.50000,1015.03463
251.66667,1016.02526
251.83333,1015.28828
252.00000,1012.58129
252.16667,1011.59594
252.33333,1010.77890
252.50000,1011.66726
252.66667,1014.16692
252.83333,1014.69940
253.00000,1013.22799
253.16667,1011.59616
253.33333,1012.69587
253.50000,1013.27615
253.66667,1013.22365
253.83333,1013.48879
254.00000,1012.35932
254.16667,1014.67194
254.33333,1013.96652
254.50000,1012.44565
254.66667,1013.69809
254.83333,1013.85571
255.00000,1012.93130
255.16667,1012.75837
255.33333,1012.78676
255.50000,1014.52153
255.66667,1014.55094
255.83333,1012.92794
256.00000,1013.51662
256.16667,1012.27929
256.33333,1011.96962
256.50000,1014.29386
256.66667,1015.14454
256.83333,1013.97809
257.00000,1012.78237
257.16667,1012.52754
257.33333,1012.08720
257.50000,1011.86922
257.66667,1013.15280
257.83333,1013.94964
258.00000,1013.51250
258.16667,1012.42766
258.33333,1013.12381
258.50000,1013.37419
258.66667,1014.41472
258.83333,1013.76414
259.00000,1013.68434
259.16667,1010.02019
259.33333,1013.22654
259.50000,1013.67705
259.66667,1016.08671
259.83333,1014.73210
260.00000,1012.79200
260.16667,1013.47717
260.33333,1013.53479
260.50000,1014.19099
260.66667,1016.66060
260.83333,1014.31576
261.00000,1014.19532
261.16667,1011.77304
261.33333,1010.60220
261.50000,1011.33877
261.66667,1012.43841
261.83333,1012.69177
262.00000,1012.40859
262.16667,1011.73094
262.33333,1013.36970
262.50000,1014.18192
262.66667,1015.16408
262.83333,1015.90101
263.00000,1013.41320
263.16667,1013.91207
263.33333,1012.33701
263.50000,1012.73533
263.66667,1014.09043
263.83333,1012.32859
264.00000,1012.88190
264.16667,1013.65176
264.33333,1013.59759
264.50000,1015.92367
264.66667,1014.84225
264.83333,1013.89932
265.00000,1012.33889
265.16667,1012.94928
265.33333,1011.92044
265.50000,1013.33498
265.66667,1015.06841
265.83333,1013.82454
266.00000,1011.84197
266.16667,1011.74663
266.33333,1012.88719
266.50000,1013.70463
266.66667,1015.55243
266.83333,1015.14019
267.00000,1013.15250
267.16667,1013.30357
267.33333,1011.95342
267.50000,1015.06856
267.66667,1015.30184
267.83333,1014.52561
268.00000,1012.75462
268.16667,1013.35548
268.33333,1013.72687
268.50000,1014.01383
268.66667,1015.16508
268.83333,1014.24010
269.00000,1012.66574
269.16667,1010.50388
269.33333,1011.51474
269.50000,1011.70172
269.66667,1012.33740
269.83333,1012.69845
270.00000,1013.70442
270.16667,1012.72358
270.33333,1013.24391
270.50000,1014.44731
270.66667,1014.89180
270.83333,1014.39206
271.00000,1012.71039
271.16667,1011.28827
271.33333,1012.67245
271.50000,1013.78865
271.66667,1015.50812
271.83333,1015.66375
272.00000,1014.60583
272.16667,1012.50596
272.33333,1011.77809
272.50000,1011.46675
272.66667,1013.13323
272.83333,1013.86457
273.00000,1013.11189
273.16667,1010.85224
273.33333,1011.87821
273.50000,1012.16867
273.66667,1013.61058
273.83333,1014.09116
274.00000,1015.54771
274.16667,1012.67127
274.33333,1011.47361
274.50000,1014.50766
274.66667,1014.16607
274.83333,1015.88748
275.00000,1015.23328
275.16667,1012.59903
275.33333,1011.64485
275.50000,1012.41156
275.66667,1012.72410
275.83333,1011.42147
276.00000,1013.05066
276.16667,1011.80429
276.33333,1013.09262
276.50000,1012.58995
276.66667,1011.12060
276.83333,1012.36292
277.00000,1012.82022
277.16667,1013.13522
277.33333,1013.11137
277.50000,1011.81195
277.66667,1012.45180
277.83333,1011.60561
278.00000,1010.70680
278.16667,1008.68381
278.33333,1010.55274
278.50000,1013.04558
278.66667,1013.04718
278.83333,1010.70804
279.00000,1011.18553
279.16667,1011.88242
279.33333,1013.27166
279.50000,1013.94523
279.66667,1013.46256
279.83333,1014.01880
280.00000,1013.69850
280.16667,1011.41847
280.33333,1011.86728
280.50000,1013.63408
280.66667,1013.82830
280.83333,1013.76502
281.00000,1013.85796
281.16667,1012.67905
281.33333,1010.76801
281.50000,1013.95821
281.66667,1013.74241
281.83333,1015.01057
282.00000,1013.83766
282.16667,1011.29803
282.33333,1010.85347
282.50000,1012.54872
282.66667,1014.07857
282.83333,1014.11860
283.00000,1013.62822
283.16667,1010.66114
283.33333,1011.05316
283.50000,1011.78636
283.66667,1013.77667
283.83333,1012.84040
284.00000,1012.53982
284.16667,1011.10063
284.33333,1009.94196
284.50000,1010.29405
284.66667,1011.42943
284.83333,1011.15462
285.00000,1011.60466
285.16667,1012.26019
285.33333,1011.61848
285.50000,1013.70073
285.66667,1012.92221
285.83333,1012.96071
286.00000,1012.06666
286.16667,1012.95657
286.33333,1011.73375
286.50000,1013.22142
286.66667,1012.84477
286.83333,1013.30852
287.00000,1013.01678
287.16667,1012.84878
287.33333,1013.07543
287.50000,1013.55562
287.66667,1014.24977
287.83333,1014.15333
288.00000,1012.24152
288.16667,1011.11926
288.33333,1012.92501
288.50000,1013.08764
288.66667,1011.60299
288.83333,1012.70189
289.00000,1012.76097
289.16667,1009.80868
289.33333,1011.06264
289.50000,1013.29312
289.66667,1014.24729
289.83333,1011.72923
290.00000,1011.15946
290.16667,1009.33952
290.33333,1011.74920
290.50000,1012.11724
290.66667,1013.60904
290.83333,1012.72703
291.00000,1010.55502
291.16667,1009.13850
291.33333,1010.21230
291.50000,1011.58956
291.66667,1012.19521
291.83333,1014.38137
292.00000,1012.32424
292.16667,1012.24220
292.33333,1011.80040
292.50000,1010.90527
292.66667,1012.55236
292.83333,1012.43485
293.00000,1013.37596
293.16667,1012.38308
293.33333,1010.90069
293.50000,1012.40470
293.66667,1014.79623
293.83333,1014.62236
294.00000,1012.66026
294.16667,1012.62671
294.33333,1012.58914
294.50000,1011.18443
294.66667,1012.27258
294.83333,1012.30810
295.00000,1011.40889
295.16667,1010.44195
295.33333,1011.28522
295.50000,1012.61020
295.66667,1013.53545
295.83333,1013.89559
296.00000,1010.84138
296.16667,1010.28667
296.33333,1010.04616
296.50000,1010.86210
296.66667,1013.72789
296.83333,1013.01205
297.00000,1011.92727
297.16667,1009.64853
297.33333,1010.67584
297.50000,1012.67804
297.66667,1013.19004
297.83333,1012.67041
298.00000,1012.27504
298.16667,1011.35013
298.33333,1009.73722
298.50000,1011.54355
298.66667,1011.81823
298.83333,1013.09672
299.00000,1011.79997
299.16667,1012.00359
299.33333,1012.71448
299.50000,1013.08514
299.66667,1011.47140
299.83333,1011.74431
300.00000,1010.67524
300.16667,1007.79875
300.33333,1010.76587
300.50000,1010.65080
300.66667,1012.73431
300.83333,1014.07770
301.00000,1012.20820
301.16667,1010.40686
301.33333,1011.54704
301.50000,1010.69139
301.66667,1010.90402
301.83333,1011.21242
302.00000,1011.41186
302.16667,1010.51371
302.33333,1011.61588
302.50000,1012.00734
302.66667,1012.86235
302.83333,1012.43117
303.00000,1011.34273
303.16667,1011.12263
303.33333,1012.90307
303.50000,1011.96276
303.66667,1012.18477
303.83333,1013.75669
304.00000,1013.36729
304.16667,1011.50178
304.33333,1011.36652
304.50000,1011.36076
304.66667,1010.92680
304.83333,1011.38245
305.00000,1011.53160
305.16667,1011.74217
305.33333,1011.85935
305.50000,1013.14392
305.66667,1012.71230
305.83333,1011.24916
306.00000,1010.84693
306.16667,1011.36908
306.33333,1010.38791
306.50000,1010.27913
306.66667,1012.31057
306.83333,1012.03538
307.00000,1011.25788
307.16667,1011.34379
307.33333,1010.13660
307.50000,1013.23233
307.66667,1012.86680
307.83333,1011.84075
308.00000,1011.55923
308.16667,1011.30626
308.33333,1009.88767
308.50000,1010.88411
308.66667,1013.16209
308.83333,1011.99277
309.00000,1011.98436
309.16667,1011.47767
309.33333,1011.00695
309.50000,1010.89277
309.66667,1011.87102
309.83333,1010.63337
310.00000,1009.72298
310.16667,1009.35270
310.33333,1009.73717
310.50000,1010.19470
310.66667,1012.42687
310.83333,1012.46151
311.00000,1012.01061
311.16667,1009.31793
311.33333,1011.28434
311.50000,1010.79870
311.66667,1010.69881
311.83333,1012.40450
312.00000,1010.70950
312.16667,1010.65511
312.33333,1010.56297
312.50000,1010.59639
312.66667,1012.01372
312.83333,1012.71871
313.00000,1009.96737
313.16667,1010.56997
313.33333,1010.59542
313.50000,1010.66743
313.66667,1012.46962
313.83333,1014.23814
314.00000,1012.98201
314.16667,1010.74899
314.33333,1011.14704
314.50000,1011.22040
314.66667,1010.98433
314.83333,1011.42194
315.00000,1011.55225
315.16667,1008.61371
315.33333,1009.38973
315.50000,1011.33998
315.66667,1011.44601
315.83333,1011.09463
316.00000,1011.69059
316.16667,1010.22400
316.33333,1010.53957
316.50000,1010.46500
316.66667,1011.48729
316.83333,1011.90420
317.00000,1010.96160
317.16667,1009.36950
317.33333,1009.28962
317.50000,1010.99638
317.66667,1011.00991
317.83333,1012.20972
318.00000,1011.15215
318.16667,1010.95787
318.33333,1010.97281
318.50000,1011.81611
318.66667,1011.14100
318.83333,1011.82830
319.00000,1009.52746
319.16667,1011.39403
319.33333,1011.48352
319.50000,1011.72271
319.66667,1012.79104
319.83333,1011.68363
320.00000,1008.59200
320.16667,1008.20351
320.33333,1009.56986
320.50000,1010.63152
320.66667,1010.86575
320.83333,1011.52806
321.00000,1012.13995
321.16667,1009.49402
321.33333,1010.93291
321.50000,1010.81750
321.66667,1013.87853
321.83333,1014.45548
322.00000,1011.93474
322.16667,1008.92406
322.33333,1009.90781
322.50000,1011.67950
322.66667,1012.33637
322.83333,1012.28010
323.00000,1012.44997
323.16667,1010.51338
323.33333,1008.42221
323.50000,1008.63212
323.66667,1010.09934
323.83333,1011.15597
324.00000,1012.01615
324.16667,1010.10921
324.33333,1009.40411
324.50000,1010.47268
324.66667,1011.53578
324.83333,1011.80437
325.00000,1011.58002
325.16667,1010.18496
325.33333,1008.66087
325.50000,1009.82383
325.66667,1009.87930
325.83333,1010.41914
326.00000,1010.83416
326.16667,1009.83872
326.33333,1009.74024
326.50000,1011.25268
326.66667,1010.55713
326.83333,1009.92053
327.00000,1008.27568
327.16667,1008.82644
327.33333,1009.68432
327.50000,1011.83804
327.66667,1013.13204
327.83333,1010.37580
328.00000,1011.54921
328.16667,1010.40039
328.33333,1009.49023
328.50000,1013.15938
328.66667,1010.84339
328.83333,1012.14039
329.00000,1011.09199
329.16667,1008.77460
329.33333,1008.49988
329.50000,1010.55789
329.66667,1012.44011
329.83333,1013.25381
330.00000,1011.70720
330.16667,1010.70659
330.33333,1008.31572
330.50000,1010.86470
330.66667,1012.59003
330.83333,1013.71854
331.00000,1012.68945
331.16667,1008.96323
331.33333,1009.64749
331.50000,1012.54968
331.66667,1011.50864
331.83333,1013.41165
332.00000,1011.17663
332.16667,1008.84928
332.33333,1008.79259
332.50000,1010.89031
332.66667,1010.96320
332.83333,1009.83435
333.00000,1008.34943
333.16667,1007.72357
333.33333,1008.91826
333.50000,1010.13153
333.66667,1013.58540
333.83333,1012.84143
334.00000,1011.40610
334.16667,1011.63020
334.33333,1010.04838
334.50000,1011.77586
334.66667,1012.37633
334.83333,1011.32759
335.00000,1009.95310
335.16667,1009.53017
335.33333,1009.33181
335.50000,1010.95404
335.66667,1012.49302
335.83333,1011.04631
336.00000,1009.89034
336.16667,1008.99628
336.33333,1009.84563
336.50000,1012.07972
336.66667,1012.06496
336.83333,1010.84568
337.00000,1010.54148
337.16667,1011.13837
337.33333,1010.76043
337.50000,1010.99531
337.66667,1012.47839
337.83333,1012.52253
338.00000,1011.54236
338.16667,1009.39813
338.33333,1011.33426
338.50000,1013.01533
338.66667,1012.36851
338.83333,1013.88585
339.00000,1011.31732
339.16667,1009.09622
339.33333,1010.42724
339.50000,1009.96043
339.66667,1009.42655
339.83333,1010.37161
340.00000,1009.82802
340.16667,1008.57766
340.33333,1009.32169
340.50000,1008.90274
340.66667,1009.51887
340.83333,1011.57335
341.00000,1008.11838
341.16667,1007.81860
341.33333,1008.90838
341.50000,1010.29536
341.66667,1010.64784
341.83333,1008.83881
342.00000,1008.42136
342.16667,1008.71039
342.33333,1009.87252
342.50000,1009.89767
342.66667,1010.64261
342.83333,1010.38535
343.00000,1008.64337
343.16667,1009.34689
343.33333,1008.58396
343.50000,1011.61930
343.66667,1010.50227
343.83333,1011.28523
344.00000,1010.74700
344.16667,1009.26406
344.33333,1008.04826
344.50000,1010.74547
344.66667,1011.26549
344.83333,1011.56716
345.00000,1010.67296
345.16667,1009.17415
345.33333,1011.42821
345.50000,1011.19973
345.66667,1010.99919
345.83333,1010.46899
346.00000,1008.32569
346.16667,1008.09821
346.33333,1009.22725
346.50000,1008.59734
346.66667,1010.28388
346.83333,1009.99045
347.00000,1010.04577
347.16667,1009.29850
347.33333,1012.16694
347.50000,1011.45260
347.66667,1011.83539
347.83333,1009.84705
348.00000,1009.72366
348.16667,1008.42343
348.33333,1009.97582
348.50000,1009.50203
348.66667,1011.52683
348.83333,1011.74925
349.00000,1010.96011
349.16667,1007.57402
349.33333,1008.46109
349.50000,1010.27504
349.66667,1010.78392
349.83333,1009.74983
350.00000,1008.20403
350.16667,1007.52132
350.33333,1008.82175
350.50000,1009.88120
350.66667,1012.57799
350.83333,1011.73917
351.00000,1009.91840
351.16667,1009.98458
351.33333,1009.37128
351.50000,1012.44007
351.66667,1013.18309
351.83333,1012.31129
352.00000,1010.21660
352.16667,1009.73736
352.33333,1009.09379
352.50000,1008.86310
352.66667,1011.57684
352.83333,1010.56613
353.00000,1008.93775
353.16667,1008.48043
353.33333,1008.81128
353.50000,1009.34573
353.66667,1011.67095
353.83333,1009.83293
354.00000,1009.20388
354.16667,1008.25636
354.33333,1009.06387
354.50000,1009.10173
354.66667,1010.01758
354.83333,1011.21932
355.00000,1010.52293
355.16667,1009.56704
355.33333,1008.43451
355.50000,1010.24901
355.66667,1011.58965
355.83333,1010.33746
356.00000,1009.88233
356.16667,1010.76162
356.33333,1009.63351
356.50000,1010.46631
356.66667,1010.64302
356.83333,1008.77926
357.00000,1010.11100
357.16667,1009.45053
357.33333,1010.21591
357.50000,1010.51062
357.66667,1010.66286
357.83333,1010.05128
358.00000,1009.12353
358.16667,1008.00959
358.33333,1008.29179
358.50000,1009.85596
358.66667,1010.63361
358.83333,1013.07963
359.00000,1010.95926
359.16667,1008.69486
359.33333,1009.54004
359.50000,1009.31853
359.66667,1011.09507
359.83333,1010.73287
360.00000,1010.86063
360.16667,1007.99678
360.33333,1010.12388
360.50000,1007.90646
360.66667,1007.73980
360.83333,1010.35808
361.00000,1010.59812
361.16667,1011.05325
361.33333,1010.03904
361.50000,1010.99070
361.66667,1010.99803
361.83333,1011.52552
362.00000,1010.56396
362.16667,1010.65518
362.33333,1011.30735
362.50000,1008.67239
362.66667,1009.71469
362.83333,1007.73032
363.00000,1008.56845
363.16667,1007.54945
363.33333,1008.37917
363.50000,1010.84981
363.66667,1011.13394
363.83333,1011.97187
364.00000,1012.83814
364.16667,1009.67327
364.33333,1009.13637
364.50000,1010.38296
364.66667,1012.07654
364.83333,1010.42367
365.00000,1009.45139
365.16667,1008.57365
365.33333,1009.64884
365.50000,1012.76196
365.66667,1012.90689
365.83333,1011.56017
366.00000,1010.19284
366.16667,1010.14489
366.33333,1009.86422
366.50000,1009.68736
366.66667,1012.33055
366.83333,1011.53232
367.00000,1010.14013
367.16667,1007.91701
367.33333,1010.14199
367.50000,1010.29109
367.66667,1012.38085
367.83333,1011.47398
368.00000,1010.51946
368.16667,1008.64822
368.33333,1008.31989
368.50000,1006.77753
368.66667,1009.47391
368.83333,1009.71910
369.00000,1009.32037
369.16667,1009.40654
369.33333,1009.76764
369.50000,1010.78571
369.66667,1011.06319
369.83333,1011.71068
370.00000,1009.24246
370.16667,1008.75702
370.33333,1007.75837
370.50000,1008.87084
370.66667,1012.13836
370.83333,1011.29805
371.00000,1008.53869
371.16667,1006.79653
371.33333,1007.57821
371.50000,1008.74648
371.66667,1009.83375
371.83333,1013.41767
372.00000,1011.91842
372.16667,1009.40839
372.33333,1010.31366
372.50000,1010.74946
372.66667,1011.33704
372.83333,1011.53430
373.00000,1009.60183
373.16667,1009.34309
373.33333,1009.64681
373.50000,1010.49804
373.66667,1012.03189
373.83333,1011.30768
374.00000,1009.85742
374.16667,1008.96616
374.33333,1009.21832
374.50000,1011.00433
374.66667,1011.78619
374.83333,1012.08746
375.00000,1009.41717
375.16667,1009.22416
375.33333,1008.58292
375.50000,1010.19280
375.66667,1009.43991
375.83333,1009.15823
376.00000,1009.13524
376.16667,1008.10055
376.33333,1008.88131
376.50000,1008.96866
376.66667,1009.78967
376.83333,1009.32970
377.00000,1009.04228
377.16667,1008.40901
377.33333,1010.39202
377.50000,1010.13336
377.66667,1011.46052
377.83333,1011.37244
378.00000,1010.07005
378.16667,1010.26402
378.33333,1008.25396
378.50000,1009.89699
378.66667,1009.57602
378.83333,1009.24605
379.00000,1008.81664
379.16667,1009.55340
379.33333,1010.81728
379.50000,1011.11660
379.66667,1012.06242
379.83333,1011.29927
380.00000,1011.59449
380.16667,1011.12977
380.33333,1009.57080
380.50000,1010.13627
380.66667,1010.25987
380.83333,1010.32408
381.00000,1010.33452
381.16667,1007.63851
381.33333,1010.06912
381.50000,1012.10142
381.66667,1014.90337
381.83333,1013.02449
382.00000,1011.14621
382.16667,1010.91794
382.33333,1010.60212
382.50000,1011.10376
382.66667,1010.64389
382.83333,1011.77409
383.00000,1009.23702
383.16667,1007.57116
383.33333,1009.77539
383.50000,1011.53190
383.66667,1012.63154
383.83333,1013.47473
384.00000,1011.28503
384.16667,1008.90439
384.33333,1011.44048
384.50000,1011.25409
384.66667,1010.98526
384.83333,1011.83090
385.00000,1010.06797
385.16667,1009.17050
385.33333,1010.10771
385.50000,1009.68087
385.66667,1009.75477
385.83333,1010.29681
386.00000,1010.16982
386.16667,1009.72124
386.33333,1010.99436
386.50000,1009.66987
386.66667,1011.61377
386.83333,1011.97678
387.00000,1011.67642
387.16667,1009.61632
387.33333,1009.43293
387.50000,1010.09344
387.66667,1010.79632
387.83333,1011.56393
388.00000,1009.68037
388.16667,1010.47341
388.33333,1008.89170
388.50000,1007.79707
388.66667,1008.57262
388.83333,1009.25335
389.00000,1009.13793
389.16667,1007.18044
389.33333,1009.57239
389.50000,1011.29037
389.66667,1013.32175
389.83333,1013.38505
390.00000,1010.57961
390.16667,1009.41795
390.33333,1009.05407
390.50000,1008.38647
390.66667,1009.84738
390.83333,1008.95641
391.00000,1009.25531
391.16667,1008.66299
391.33333,1009.87030
391.50000,1009.22246
391.66667,1010.44456
391.83333,1008.66819
392.00000,1010.18846
392.16667,1008.84541
392.33333,1006.85170
392.50000,1009.31494
392.66667,1010.66040
392.83333,1010.09151
393.00000,1011.19449
393.16667,1009.14185
393.33333,1009.62915
393.50000,1009.13377
393.66667,1010.49963
393.83333,1012.38800
394.00000,1010.55212
394.16667,1010.74905
394.33333,1009.68036
394.50000,1009.48781
394.66667,1010.03732
394.83333,1008.32717
395.00000,1008.75276
395.16667,1009.15546
395.33333,1010.10581
395.50000,1009.11739
395.66667,1010.98332
395.83333,1010.59135
396.00000,1010.13636
396.16667,1007.81046
396.33333,1010.08208
396.50000,1010.05621
396.66667,1010.75264
396.83333,1010.74153
397.00000,1010.88685
397.16667,1012.16594
397.33333,1010.29711
397.50000,1010.63639
397.66667,1010.86697
397.83333,1011.72589
398.00000,1011.32105
398.16667,1011.25339
398.33333,1010.01767
398.50000,1010.37617
398.66667,1012.34386
398.83333,1010.09444
399.00000,1009.43179
399.16667,1008.38006
399.33333,1010.09329
399.50000,1010.37709
399.66667,1012.27002
399.83333,1014.22974
400.00000,1012.27354
400.16667,1010.69042
400.33333,1008.80210
400.50000,1010.03684
400.66667,1012.55748
400.83333,1010.73345
401.00000,1009.24099
401.16667,1010.23888
401.33333,1010.41217
401.50000,1011.51931
401.66667,1010.90282
401.83333,1009.13248
402.00000,1008.85275
402.16667,1007.79558
402.33333,1008.70766
402.50000,1010.40138
402.66667,1009.68884
402.83333,1010.71176
403.00000,1009.62849
403.16667,1010.50907
403.33333,1011.15682
403.50000,1011.26502
403.66667,1010.45625
403.83333,1010.36218
404.00000,1010.37691
404.16667,1010.21540
404.33333,1009.07358
404.50000,1011.52605
404.66667,1012.48561
404.83333,1011.06021
405.00000,1008.73837
405.16667,1007.83821
405.33333,1010.42484
405.50000,1010.27991
405.66667,1010.70282
405.83333,1010.99864
406.00000,1010.42071
406.16667,1010.62803
406.33333,1010.24458
406.50000,1010.78230
406.66667,1011.81615
406.83333,1013.04517
407.00000,1009.94235
407.16667,1008.95503
407.33333,1010.30556
407.50000,1010.79183
407.66667,1011.96639
407.83333,1011.94498
408.00000,1010.29689
408.16667,1009.77808
408.33333,1011.30382
408.50000,1012.19193
408.66667,1011.60331
408.83333,1012.30760
409.00000,1011.12443
409.16667,1011.01368
409.33333,1009.49427
409.50000,1009.07313
409.66667,1010.58500
409.83333,1011.81619
410.00000,1011.60321
410.16667,1011.31369
410.33333,1011.03249
410.50000,1009.62705
410.66667,1011.65711
410.83333,1011.29233
411.00000,1010.36598
411.16667,1011.13085
411.33333,1010.57937
411.50000,1010.03839
411.66667,1011.87429
411.83333,1012.78271
412.00000,1011.72755
412.16667,1011.47613
412.33333,1010.20415
412.50000,1011.26900
412.66667,1011.26165
412.83333,1011.84051
413.00000,1012.38524
413.16667,1010.12618
413.33333,1010.38290
413.50000,1010.40110
413.66667,1011.00601
413.83333,1012.05513
414.00000,1012.70294
414.16667,1012.44290
414.33333,1009.96119
414.50000,1011.59808
414.66667,1011.49443
414.83333,1012.31027
415.00000,1011.42108
415.16667,1010.38088
415.33333,1008.79977
415.50000,1010.47241
415.66667,1011.96797
415.83333,1014.10047
416.00000,1012.15424
416.16667,1010.11920
416.33333,1010.10581
416.50000,1010.30261
416.66667,1011.76619
416.83333,1009.54720
417.00000,1009.63268
417.16667,1011.71326
417.33333,1010.25187
417.50000,1011.22613
417.66667,1010.44325
417.83333,1010.26452
418.00000,1010.43450
418.16667,1009.62484
418.33333,1010.78714
418.50000,1012.86674
418.66667,1014.40052
418.83333,1014.69783
419.00000,1014.34968
419.16667,1010.70226
419.33333,1008.26035
419.50000,1009.28995
419.66667,1008.21492
419.83333,1009.83323
420.00000,1009.91246
420.16667,1010.04115
420.33333,1008.88164
420.50000,1010.97924
420.66667,1012.67643
420.83333,1013.37234
421.00000,1012.20650
421.16667,1011.55788
421.33333,1010.98797
421.50000,1012.14529
421.66667,1011.94371
421.83333,1013.10104
422.00000,1012.03469
422.16667,1010.61258
422.33333,1008.80616
422.50000,1009.62048
422.66667,1012.67707
422.83333,1010.70481
423.00000,1008.44938
423.16667,1007.61082
423.33333,1010.68682
423.50000,1010.42927
423.66667,1012.86845
423.83333,1012.76011
424.00000,1011.76713
424.16667,1011.39656
424.33333,1010.49818
424.50000,1010.03816
424.66667,1011.54325
424.83333,1010.90163
425.00000,1012.04240
425.16667,1012.30235
425.33333,1010.75713
425.50000,1009.61176
425.66667,1010.84421
425.83333,1012.78313
426.00000,1012.65155
426.16667,1011.33043
426.33333,1011.14642
426.50000,1013.29195
426.66667,1012.47987
426.83333,1012.44771
427.00000,1009.81711
427.16667,1010.79952
427.33333,1011.98946
427.50000,1013.30744
427.66667,1012.84878
427.83333,1012.01793
428.00000,1009.78667
428.16667,1010.16561
428.33333,1010.19831
428.50000,1011.40003
428.66667,1011.59077
428.83333,1012.30096
429.00000,1011.41653
429.16667,1011.98568
429.33333,1009.16763
429.50000,1009.83142
429.66667,1011.84611
429.83333,1013.80902
430.00000,1014.02755
430.16667,1012.53013
430.33333,1012.21206
430.50000,1012.85058
430.66667,1013.59655
430.83333,1013.68475
431.00000,1011.53225
431.16667,1010.73257
431.33333,1010.85093
431.50000,1010.73223
431.66667,1012.94115
431.83333,1013.05667
432.00000,1011.61137
432.16667,1010.42569
432.33333,1011.18485
432.50000,1010.79021
432.66667,1012.25700
432.83333,1011.05366
433.00000,1009.44790
433.16667,1010.75636
433.33333,1009.62723
433.50000,1011.72520
433.66667,1013.73239
433.83333,1011.39696
434.00000,1011.02641
434.16667,1011.56846
434.33333,1011.75798
434.50000,1011.41412
434.66667,1012.66471
434.83333,1012.44846
435.00000,1012.46340
435.16667,1011.27064
435.33333,1012.63065
435.50000,1013.02367
435.66667,1013.65591
435.83333,1014.49203
436.00000,1013.00308
436.16667,1011.19892
436.33333,1010.71076
436.50000,1011.73147
436.66667,1013.17739
436.83333,1014.66701
437.00000,1012.87774
437.16667,1011.77320
437.33333,1010.92320
437.50000,1011.10346
437.66667,1012.29019
437.83333,1011.15175
438.00000,1011.97598
438.16667,1011.83770
438.33333,1010.42762
438.50000,1012.95083
438.66667,1014.52078
438.83333,1012.10920
439.00000,1010.58160
439.16667,1010.35660
439.33333,1010.29943
439.50000,1012.03283
439.66667,1013.30693
439.83333,1014.41363
440.00000,1014.42564
440.16667,1012.17157
440.33333,1013.13235
440.50000,1014.19747
440.66667,1013.61239
440.83333,1011.71155
441.00000,1011.75421
441.16667,1012.04734
441.33333,1011.65903
441.50000,1012.55822
441.66667,1013.52953
441.83333,1013.93792
442.00000,1012.25439
442.16667,1009.69438
442.33333,1011.95410
442.50000,1012.02942
442.66667,1013.30077
442.83333,1014.50002
443.00000,1012.36304
443.16667,1010.93553
443.33333,1012.37103
443.50000,1013.25937
443.66667,1014.33227
443.83333,1012.90075
444.00000,1012.52119
444.16667,1011.57393
444.33333,1012.35383
444.50000,1011.03432
444.66667,1011.79044
444.83333,1013.02598
445.00000,1011.21967
445.16667,1010.49050
445.33333,1011.14483
445.50000,1013.28104
445.66667,1014.05844
445.83333,1013.74585
446.00000,1010.97404
446.16667,1011.13906
446.33333,1010.43286
446.50000,1011.63537
446.66667,1012.59207
446.83333,1012.57716
447.00000,1011.38647
447.16667,1012.44695
447.33333,1012.47519
447.50000,1013.54780
447.66667,1012.91812
447.83333,1012.22084
448.00000,1012.25489
448.16667,1010.51465
448.33333,1010.93713
448.50000,1012.52896
448.66667,1012.65101
448.83333,1013.54564
449.00000,1013.28718
449.16667,1013.21683
449.33333,1012.96123
449.50000,1012.51653
449.66667,1013.92077
449.83333,1014.47247
450.00000,1013.57089
450.16667,1012.92127
450.33333,1012.00901
450.50000,1011.45540
450.66667,1012.69827
450.83333,1012.75702
451.00000,1011.22886
451.16667,1010.25787
451.33333,1011.20392
451.50000,1013.79271
451.66667,1013.97042
451.83333,1014.84642
452.00000,1013.98011
452.16667,1012.39628
452.33333,1010.96403
452.50000,1012.32588
452.66667,1014.15516
452.83333,1013.30036
453.00000,1013.09404
453.16667,1013.34491
453.33333,1012.81130
453.50000,1013.62284
453.66667,1014.49688
453.83333,1015.66011
454.00000,1013.00195
454.16667,1012.75360
454.33333,1011.12455
454.50000,1011.84780
454.66667,1013.02224
454.83333,1011.49433
455.00000,1010.69030
455.16667,1011.04041
455.33333,1011.92885
455.50000,1012.40314
455.66667,1014.55727
455.83333,1013.43888
456.00000,1014.88491
456.16667,1014.13009
456.33333,1012.10948
456.50000,1013.14260
456.66667,1013.85951
456.83333,1014.47937
457.00000,1014.46264
457.16667,1013.49148
457.33333,1012.22409
457.50000,1011.83707
457.66667,1013.24887
457.83333,1011.99077
458.00000,1011.78254
458.16667,1010.07253
458.33333,1010.55205
458.50000,1011.57412
458.66667,1011.29050
458.83333,1012.51362
459.00000,1012.64683
459.16667,1012.19139
459.33333,1012.45227
459.50000,1014.37419
459.66667,1013.18773
459.83333,1012.59298
460.00000,1014.29879
460.16667,1010.41332
460.33333,1011.62827
460.50000,1011.39895
460.66667,1014.19567
460.83333,1014.69391
461.00000,1013.65483
461.16667,1012.80102
461.33333,1012.37406
461.50000,1012.66858
461.66667,1014.50470
461.83333,1013.15567
462.00000,1013.93701
462.16667,1010.41540
462.33333,1011.23247
462.50000,1012.10659
462.66667,1012.28578
462.83333,1012.23863
463.00000,1013.00965
463.16667,1013.58186
463.33333,1013.82223
463.50000,1014.30933
463.66667,1015.91583
463.83333,1015.27507
464.00000,1015.06713
464.16667,1013.93845
464.33333,1012.40654
464.50000,1013.93728
464.66667,1012.59522
464.83333,1013.96071
465.00000,1013.90320
465.16667,1012.76854
465.33333,1013.06279
465.50000,1014.03155
465.66667,1014.54286
465.83333,1013.38546
466.00000,1013.78032
466.16667,1014.13789
466.33333,1014.41010
466.50000,1014.13469
466.66667,1014.99013
466.83333,1014.89395
467.00000,1013.39020
467.16667,1013.61596
467.33333,1013.99602
467.50000,1014.02322
467.66667,1014.26350
467.83333,1013.07021
468.00000,1012.21373
468.16667,1013.46237
468.33333,1013.54517
468.50000,1014.52426
468.66667,1013.61301
468.83333,1015.12626
469.00000,1012.99269
469.16667,1012.54130
469.33333,1011.22098
469.50000,1012.57820
469.66667,1013.01899
469.83333,1011.95842
470.00000,1011.15207
470.16667,1012.53337
470.33333,1014.55293
470.50000,1014.47075
470.66667,1014.53044
470.83333,1015.96960
471.00000,1013.14933
471.16667,1010.18962
471.33333,1011.00737
471.50000,1011.54141
471.66667,1014.42721
471.83333,1016.56552
472.00000,1015.21396
472.16667,1013.06699
472.33333,1013.78353
472.50000,1014.13716
472.66667,1015.90956
472.83333,1015.22633
473.00000,1014.35256
473.16667,1013.22915
473.33333,1014.58620
473.50000,1016.51254
473.66667,1014.71939
473.83333,1014.98301
474.00000,1014.62528
474.16667,1012.90362
474.33333,1013.33328
474.50000,1012.59873
474.66667,1014.13761
474.83333,1015.09571
475.00000,1014.52686
475.16667,1012.39527
475.33333,1014.50518
475.50000,1014.63493
475.66667,1014.67877
475.83333,1015.54397
476.00000,1016.88417
476.16667,1014.59671
476.33333,1012.85557
476.50000,1014.77199
476.66667,1015.10415
476.83333,1013.75410
477.00000,1012.70125
477.16667,1011.17482
477.33333,1010.84587
477.50000,1011.73218
477.66667,1013.79068
477.83333,1014.89690
478.00000,1014.79297
478.16667,1015.03898
478.33333,1012.45143
478.50000,1011.60341
478.66667,1013.92152
478.83333,1013.72846
479.00000,1013.26970
479.16667,1013.62456
479.33333,1014.49963
479.50000,1015.30041
479.66667,1014.16673
479.83333,1014.68494
480.00000,1015.13456
480.16667,1013.19276
480.33333,1011.93977
480.50000,1012.87899
480.66667,1015.15657
480.83333,1016.99436
481.00000,1015.44923
481.16667,1014.94919
481.33333,1013.73407
481.50000,1016.88593
481.66667,1016.75360
481.83333,1014.36173
482.00000,1015.14226
482.16667,1014.17756
482.33333,1014.69552
482.50000,1016.00757
482.66667,1015.99637
482.83333,1015.00100
483.00000,1017.19083
483.16667,1016.44822
483.33333,1013.56151
483.50000,1014.15494
483.66667,1016.27847
483.83333,1016.13831
484.00000,1014.33595
484.16667,1013.76491
484.33333,1012.75070
484.50000,1014.66624
484.66667,1015.11683
484.83333,1017.00218
485.00000,1014.56488
485.16667,1015.24874
485.33333,1013.52568
485.50000,1013.30450
485.66667,1015.19763
485.83333,1015.11210
486.00000,1012.20488
486.16667,1012.07946
486.33333,1011.22553
486.50000,1014.37306
486.66667,1015.30649
486.83333,1016.88126
487.00000,1015.43088
487.16667,1013.83257
487.33333,1015.64830
487.50000,1015.16362
487.66667,1014.44957
487.83333,1016.36137
488.00000,1014.00357
488.16667,1011.69177
488.33333,1010.60259
488.50000,1012.48255
488.66667,1014.83701
488.83333,1015.85476
489.00000,1015.81417
489.16667,1016.61315
489.33333,1014.65276
489.50000,1016.49818
489.66667,1015.65343
489.83333,1015.68933
490.00000,1014.85571
490.16667,1014.67300
490.33333,1012.81502
490.50000,1013.57510
490.66667,1014.35146
490.83333,1015.60836
491.00000,1014.49797
491.16667,1013.28925
491.33333,1012.10721
491.50000,1014.09539
491.66667,1015.99026
491.83333,1016.74118
492.00000,1016.96367
492.16667,1013.37434
492.33333,1012.51402
492.50000,1014.91417
492.66667,1016.59460
492.83333,1017.82822
493.00000,1016.20548
493.16667,1014.46684
493.33333,1014.65525
493.50000,1014.67971
493.66667,1014.26630
493.83333,1014.55071
494.00000,1014.15227
494.16667,1015.41928
494.33333,1013.90358
494.50000,1017.47242
494.66667,1017.15071
494.83333,1017.00144
495.00000,1014.55663
495.16667,1015.10486
495.33333,1015.26204
495.50000,1016.45309
495.66667,1017.45597
495.83333,1017.91922
496.00000,1015.56857
496.16667,1017.08207
496.33333,1015.07579
496.50000,1015.19201
496.66667,1016.02007
496.83333,1016.10857
497.00000,1016.52980
497.16667,1014.37099
497.33333,1013.18993
497.50000,1014.35065
497.66667,1013.42937
497.83333,1014.12431
498.00000,1014.62032
498.16667,1014.86752
498.33333,1014.68512
498.50000,1015.33637
498.66667,1016.45828
498.83333,1017.15239
499.00000,1015.11160
499.16667,1013.06317
499.33333,1016.58606
499.50000,1014.11367
499.66667,1015.69044
499.83333,1016.25769
500.00000,1016.00634
500.16667,1013.12892
500.33333,1013.65485
500.50000,1014.91257
500.66667,1015.20905
500.83333,1015.96240
501.00000,1016.26686
501.16667,1015.77294
501.33333,1016.25119
501.50000,1015.72380
501.66667,1017.40560
501.83333,1016.57906
502.00000,1014.61802
502.16667,1014.31382
502.33333,1014.08764
502.50000,1014.81756
502.66667,1016.66954
502.83333,1017.05478
503.00000,1015.67188
503.16667,1013.57403
503.33333,1011.86904
503.50000,1014.92545
503.66667,1013.60584
503.83333,1013.96918
504.00000,1017.01554
504.16667,1014.36797
504.33333,1014.38731
504.50000,1016.17476
504.66667,1017.95265
504.83333,1016.90900
505.00000,1016.15278
505.16667,1015.36338
505.33333,1015.26222
505.50000,1015.92049
505.66667,1015.55899
505.83333,1016.97144
506.00000,1015.24250
506.16667,1014.73954
506.33333,1013.70565
506.50000,1014.37714
506.66667,1015.98294
506.83333,1015.45595
507.00000,1014.96284
507.16667,1015.34575
507.33333,1014.06815
507.50000,1015.24394
507.66667,1017.20540
507.83333,1015.59526
508.00000,1014.42334
508.16667,1015.20164
508.33333,1015.14313
508.50000,1016.23913
508.66667,1016.98589
508.83333,1016.24253
509.00000,1016.24061
509.16667,1014.77679
509.33333,1014.15434
509.50000,1015.57426
509.66667,1016.93448
509.83333,1015.66972
510.00000,1015.56835
510.16667,1015.23197
510.33333,1014.92259
510.50000,1017.86969
510.66667,1017.25427
510.83333,1017.20219
511.00000,1015.10402
511.16667,1014.72212
511.33333,1015.35900
511.50000,1017.06348
511.66667,1016.99520
511.83333,1017.68929
512.00000,1017.24024
512.16667,1016.24283
512.33333,1014.76981
512.50000,1014.55722
512.66667,1013.82283
512.83333,1015.10511
513.00000,1016.17051
513.16667,1014.94300
513.33333,1013.21500
513.50000,1015.85231
513.66667,1015.66296
513.83333,1018.26192
514.00000,1016.10816
514.16667,1013.50396
514.33333,1014.07148
514.50000,1013.72040
514.66667,1015.13702
514.83333,1016.79470
515.00000,1017.53393
515.16667,1013.80147
515.33333,1013.84492
515.50000,1013.63205
515.66667,1014.52240
515.83333,1015.06366
516.00000,1014.18523
516.16667,1014.50206
516.33333,1014.94180
516.50000,1014.79037
516.66667,1015.61065
516.83333,1016.24358
517.00000,1016.44261
517.16667,1013.76702
517.33333,1014.84519
517.50000,1015.20362
517.66667,1017.18644
517.83333,1017.60718
518.00000,1017.31533
518.16667,1014.99227
518.33333,1015.00454
518.50000,1015.08978
518.66667,1015.97537
518.83333,1017.26831
519.00000,1017.87730
519.16667,1016.29088
519.33333,1014.48911
519.50000,1017.53527
519.66667,1016.23450
519.83333,1016.45039
520.00000,1013.98133
520.16667,1014.42418
520.33333,1014.15697
520.50000,1015.53861
520.66667,1017.40618
520.83333,1017.21352
521.00000,1015.73813
521.16667,1014.27134
521.33333,1015.36637
521.50000,1015.54753
521.66667,1016.58097
521.83333,1017.14130
522.00000,1017.05221
522.16667,1015.23254
522.33333,1013.73111
522.50000,1013.80516
522.66667,1014.94012
522.83333,1015.75214
523.00000,1013.75255
523.16667,1014.16756
523.33333,1014.45275
523.50000,1015.31773
523.66667,1015.43295
523.83333,1016.35250
524.00000,1014.28950
524.16667,1014.22652
524.33333,1016.39843
524.50000,1016.34749
524.66667,1018.20615
524.83333,1018.49976
525.00000,1016.59047
525.16667,1014.95294
525.33333,1014.08815
525.50000,1015.52745
525.66667,1013.84107
525.83333,1015.92344
526.00000,1015.68659
526.16667,1015.64543
526.33333,1014.79300
526.50000,1015.48832
526.66667,1015.31661
526.83333,1018.25978
527.00000,1016.74549
527.16667,1015.28794
527.33333,1014.54704
527.50000,1016.99059
527.66667,1017.76626
527.83333,1016.15410
528.00000,1016.95605
528.16667,1016.81004
528.33333,1014.52262
528.50000,1015.46244
528.66667,1016.91441
528.83333,1016.86577
529.00000,1014.97106
529.16667,1013.72536
529.33333,1014.28761
529.50000,1017.13471
529.66667,1016.70944
529.83333,1016.86058
530.00000,1014.71387
530.16667,1014.37643
530.33333,1014.35657
530.50000,1015.14956
530.66667,1015.10430
530.83333,1017.16921
531.00000,1016.92195
531.16667,1016.23551
531.33333,1015.77036
531.50000,1016.44708
531.66667,1016.52593
531.83333,1015.65822
532.00000,1014.92190
532.16667,1014.37221
532.33333,1015.10191
532.50000,1015.78183
532.66667,1018.12940
532.83333,1017.41735
533.00000,1015.27460
533.16667,1013.43554
533.33333,1013.95482
533.50000,1018.03313
533.66667,1019.42275
533.83333,1017.20995
534.00000,1016.99466
534.16667,1015.31726
534.33333,1015.41800
534.50000,1016.72878
534.66667,1016.60213
534.83333,1018.15008
535.00000,1015.46789
535.16667,1014.94663
535.33333,1014.39740
535.50000,1014.88773
535.66667,1016.73501
535.83333,1016.45642
536.00000,1014.92052
536.16667,1012.44644
536.33333,1015.41095
536.50000,1016.60466
536.66667,1018.73332
536.83333,1018.03920
537.00000,1017.78749
537.16667,1016.55916
537.33333,1014.83434
537.50000,1016.71299
537.66667,1015.76506
537.83333,1015.33852
538.00000,1014.46542
538.16667,1013.98529
538.33333,1014.77625
538.50000,1016.24229
538.66667,1019.00134
538.83333,1018.73563
539.00000,1016.83022
539.16667,1015.86696
539.33333,1014.66868
539.50000,1014.95087
539.66667,1015.54248
539.83333,1016.14738
540.00000,1017.72570
540.16667,1015.69631
540.33333,1015.84782
540.50000,1015.54216
540.66667,1017.80710
540.83333,1017.52376
541.00000,1016.15326
541.16667,1013.61475
541.33333,1014.45099
541.50000,1015.74528
541.66667,1014.09082
541.83333,1016.00674
542.00000,1015.52832
542.16667,1013.24142
542.33333,1016.48544
542.50000,1016.93010
542.66667,1018.87726
542.83333,1018.17955
543.00000,1017.03385
543.16667,1014.12599
543.33333,1015.90476
543.50000,1016.66495
543.66667,1016.33578
543.83333,1017.21643
544.00000,1016.80673
544.16667,1015.65194
544.33333,1014.40102
544.50000,1016.60920
544.66667,1017.79306
544.83333,1017.27496
545.00000,1016.00624
545.16667,1013.25182
545.33333,1014.09241
545.50000,1016.24093
545.66667,1017.04480
545.83333,1015.08377
546.00000,1015.32866
546.16667,1016.16147
546.33333,1014.28607
546.50000,1015.70032
546.66667,1017.34988
546.83333,1017.31216
547.00000,1016.25288
547.16667,1017.24822
547.33333,1014.23749
547.50000,1015.86764
547.66667,1016.50544
547.83333,1017.35323
548.00000,1019.03401
548.16667,1018.28504
548.33333,1017.04229
548.50000,1016.66583
548.66667,1017.05568
548.83333,1015.87786
549.00000,1016.86833
549.16667,1015.02001
549.33333,1017.20105
549.50000,1017.32242
549.66667,1018.62715
549.83333,1019.16410
550.00000,1015.94882
550.16667,1015.54737
550.33333,1015.35197
550.50000,1015.88016
550.66667,1016.98794
550.83333,1017.12192
551.00000,1016.29584
551.16667,1015.42025
551.33333,1016.87316
551.50000,1017.69616
551.66667,1017.23700
551.83333,1017.27473
552.00000,1017.31851
552.16667,1014.75521
552.33333,1016.02718
552.50000,1016.40217
552.66667,1017.18289
552.83333,1017.79513
553.00000,1018.28375
553.16667,1017.47978
553.33333,1017.20902
553.50000,1016.55411
553.66667,1015.66094
553.83333,1016.70215
554.00000,1016.42314
554.16667,1014.32748
554.33333,1015.63385
554.50000,1013.69667
554.66667,1013.14282
554.83333,1015.55809
555.00000,1014.99043
555.16667,1012.36380
555.33333,1013.51733
555.50000,1014.16706
555.66667,1016.84905
555.83333,1016.81362
556.00000,1015.39366
556.16667,1015.31790
556.33333,1014.07440
556.50000,1016.60859
556.66667,1017.87901
556.83333,1015.71593
557.00000,1014.75679
557.16667,1013.94092
557.33333,1013.46070
557.50000,1016.10118
557.66667,1016.81012
557.83333,1016.33182
558.00000,1016.89731
558.16667,1018.21210
558.33333,1016.57474
558.50000,1016.86102
558.66667,1015.62851
558.83333,1014.40663
559.00000,1014.49575
559.16667,1014.42418
559.33333,1014.63747
559.50000,1017.11433
559.66667,1017.45898
559.83333,1017.14223
560.00000,1017.03262
560.16667,1016.33974
560.33333,1013.85051
560.50000,1015.23015
560.66667,1014.80601
560.83333,1013.93750
561.00000,1012.99729
561.16667,1013.66002
561.33333,1016.27616
561.50000,1017.77975
561.66667,1019.04501
561.83333,1018.82518
562.00000,1016.94956
562.16667,1015.31230
562.33333,1015.23032
562.50000,1015.62150
562.66667,1018.16359
562.83333,1017.41281
563.00000,1016.83842
563.16667,1015.18987
563.33333,1015.25175
563.50000,1016.85172
563.66667,1018.36075
563.83333,1018.63556
564.00000,1017.00683
564.16667,1015.38339
564.33333,1015.41612
564.50000,1018.18174
564.66667,1019.41455
564.83333,1018.38968
565.00000,1017.20548
565.16667,1014.92033
565.33333,1014.75547
565.50000,1018.44675
565.66667,1017.76318
565.83333,1017.01502
566.00000,1016.42219
566.16667,1014.98373
566.33333,1016.60142
566.50000,1015.73370
566.66667,1017.00907
566.83333,1017.73361
567.00000,1015.60371
567.16667,1014.99751
567.33333,1014.72165
567.50000,1016.17277
567.66667,1015.84699
567.83333,1016.85321
568.00000,1016.62265
568.16667,1016.00487
568.33333,1015.54464
568.50000,1015.09041
568.66667,1016.77899
568.83333,1016.55310
569.00000,1015.13053
569.16667,1015.12092
569.33333,1014.91688
569.50000,1016.34488
569.66667,1017.54718
569.83333,1015.20488
570.00000,1015.80766
570.16667,1015.07128
570.33333,1013.61203
570.50000,1015.49505
570.66667,1016.50298
570.83333,1017.44704
571.00000,1016.11505
571.16667,1014.39080
571.33333,1015.88137
571.50000,1016.25634
571.66667,1016.45097
571.83333,1015.46117
572.00000,1014.17822
572.16667,1013.81202
572.33333,1013.79394
572.50000,1013.55805
572.66667,1014.60935
572.83333,1015.90110
573.00000,1016.01333
573.16667,1014.39324
573.33333,1015.26007
573.50000,1015.49305
573.66667,1014.52601
573.83333,1016.22148
574.00000,1014.11626
574.16667,1012.62631
574.33333,1012.70451
574.50000,1014.77813
574.66667,1017.03667
574.83333,1015.80760
575.00000,1014.31461
575.16667,1013.70011
575.33333,1012.90204
575.50000,1015.32943
575.66667,1015.25994
575.83333,1016.57667
576.00000,1016.91755
576.16667,1015.67035
576.33333,1014.21204
576.50000,1015.11473
576.66667,1015.71409
576.83333,1015.02036
577.00000,1014.44536
577.16667,1014.64297
577.33333,1014.17808
577.50000,1015.62286
577.66667,1018.57571
577.83333,1017.79171
578.00000,1015.84019
578.16667,1014.31658
578.33333,1013.58126
578.50000,1016.32229
578.66667,1014.93388
578.83333,1015.74576
579.00000,1016.31731
579.16667,1015.20724
579.33333,1017.21246
579.50000,1015.40820
579.66667,1014.32857
579.83333,1015.63130
580.00000,1016.15728
580.16667,1015.44501
580.33333,1017.27915
580.50000,1016.44089
580.66667,1016.69733
580.83333,1016.91892
581.00000,1014.69089
581.16667,1014.07208
581.33333,1012.28790
581.50000,1012.91616
581.66667,1014.68203
581.83333,1014.20792
582.00000,1015.85479
582.16667,1014.32977
582.33333,1014.50169
582.50000,1014.06150
582.66667,1016.74727
582.83333,1015.75502
583.00000,1015.30549
583.16667,1012.84859
583.33333,1015.20767
583.50000,1015.05984
583.66667,1016.87332
583.83333,1016.79073
584.00000,1016.33751
584.16667,1014.13391
584.33333,1012.88935
584.50000,1016.10279
584.66667,1018.26697
584.83333,1017.03360
585.00000,1015.32613
585.16667,1013.77040
585.33333,1013.24235
585.50000,1015.87417
585.66667,1015.75949
585.83333,1016.41537
586.00000,1015.53394
586.16667,1015.27729
586.33333,1013.93471
586.50000,1015.31029
586.66667,1014.67020
586.83333,1015.17840
587.00000,1014.93967
587.16667,1014.14946
587.33333,1014.59652
587.50000,1014.44464
587.66667,1016.54532
587.83333,1017.46632
588.00000,1015.31407
588.16667,1013.69083
588.33333,1014.16630
588.50000,1015.27346
588.66667,1015.38785
588.83333,1016.39682
589.00000,1015.45927
589.16667,1012.13799
589.33333,1014.61480
589.50000,1015.69580
589.66667,1016.94100
589.83333,1016.89741
590.00000,1014.56880
590.16667,1014.37498
590.33333,1014.41572
590.50000,1015.46962
590.66667,1015.52846
590.83333,1016.98979
591.00000,1015.46405
591.16667,1013.12379
591.33333,1013.42398
591.50000,1015.77915
591.66667,1017.07365
591.83333,1015.70621
592.00000,1015.27234
592.16667,1015.42052
592.33333,1013.68556
592.50000,1015.29194
592.66667,1015.16537
592.83333,1018.14575
593.00000,1015.34592
593.16667,1014.07640
593.33333,1016.30276
593.50000,1014.81067
593.66667,1017.15844
593.83333,1016.82564
594.00000,1016.20150
594.16667,1014.87033
594.33333,1014.38729
594.50000,1015.97107
594.66667,1015.80941
594.83333,1016.90015
595.00000,1015.54245
595.16667,1015.19186
595.33333,1016.22975
595.50000,1015.50465
595.66667,1017.40776
595.83333,1016.38341
596.00000,1015.62487
596.16667,1015.41452
596.33333,1012.57781
596.50000,1014.06983
596.66667,1012.97211
596.83333,1015.11679
597.00000,1013.54212
597.16667,1014.50691
597.33333,1012.51124
597.50000,1013.80399
597.66667,1014.48927
597.83333,1014.57311
598.00000,1012.60800
598.16667,1012.82374
598.33333,1012.04668
598.50000,1014.67745
598.66667,1015.52511
598.83333,1014.01358
599.00000,1015.22517
599.16667,1015.07642
599.33333,1014.13250
599.50000,1014.05622
599.66667,1014.06116
599.83333,1013.74993
600.00000,1013.54657
600.16667,1012.57342
600.33333,1013.33153
600.50000,1014.13685
600.66667,1017.47899
600.83333,1016.76347
601.00000,1014.65214
601.16667,1014.69999
601.33333,1013.25279
601.50000,1015.12395
601.66667,1017.25842
601.83333,1017.34684
602.00000,1015.46035
602.16667,1013.43933
602.33333,1013.89565
602.50000,1012.19625
602.66667,1013.96533
602.83333,1015.56068
603.00000,1014.99862
603.16667,1013.65602
603.33333,1012.05796
603.50000,1015.14350
603.66667,1016.91810
603.83333,1015.69769
604.00000,1015.91654
604.16667,1014.58571
604.33333,1013.94895
604.50000,1014.18798
604.66667,1015.73243
604.83333,1016.12953
605.00000,1014.43215
605.16667,1014.50972
605.33333,1014.04132
605.50000,1013.99381
605.66667,1016.24176
605.83333,1015.78331
606.00000,1014.03645
606.16667,1015.68662
606.33333,1014.20572
606.50000,1015.96067
606.66667,1015.13752
606.83333,1014.55025
607.00000,1016.77508
607.16667,1014.13803
607.33333,1013.90800
607.50000,1015.81732
607.66667,1015.32557
607.83333,1015.28075
608.00000,1014.13712
608.16667,1012.41003
608.33333,1013.45505
608.50000,1012.77545
608.66667,1014.24850
608.83333,1014.43312
609.00000,1014.55766
609.16667,1016.10093
609.33333,1015.44316
609.50000,1015.68823
609.66667,1016.48044
609.83333,1013.41850
610.00000,1012.18514
610.16667,1014.91996
610.33333,1015.95298
610.50000,1015.43417
610.66667,1012.90505
610.83333,1012.87729
611.00000,1014.03052
611.16667,1014.01082
611.33333,1012.50958
611.50000,1012.14128
611.66667,1012.91622
611.83333,1013.54865
612.00000,1012.56255
612.16667,1012.36683
612.33333,1013.70984
612.50000,1012.43807
612.66667,1015.10443
612.83333,1016.08702
613.00000,1015.94482
613.16667,1013.65069
613.33333,1013.21525
613.50000,1014.53094
613.66667,1016.27214
613.83333,1016.25821
614.00000,1014.23986
614.16667,1014.02620
614.33333,1013.08677
614.50000,1014.33267
614.66667,1014.58359
614.83333,1013.74352
615.00000,1013.70522
615.16667,1012.67480
615.33333,1011.20711
615.50000,1012.69157
615.66667,1016.41513
615.83333,1017.40785
616.00000,1014.55869
616.16667,1013.67650
616.33333,1015.59975
616.50000,1014.98657
616.66667,1014.99441
616.83333,1013.62338
617.00000,1014.26725
617.16667,1010.71240
617.33333,1011.48537
617.50000,1012.27064
617.66667,1014.21938
617.83333,1013.45227
618.00000,1012.90781
618.16667,1012.95450
618.33333,1013.06690
618.50000,1015.27164
618.66667,1015.04040
618.83333,1015.87656
619.00000,1014.28175
619.16667,1012.87364
619.33333,1013.50310
619.50000,1014.59410
619.66667,1014.50921
619.83333,1013.66997
620.00000,1014.20220
620.16667,1012.53819
620.33333,1014.00214
620.50000,1014.60181
620.66667,1014.68709
620.83333,1014.01109
621.00000,1013.75169
621.16667,1013.16348
621.33333,1013.83945
621.50000,1014.65601
621.66667,1015.17998
621.83333,1013.82157
622.00000,1014.68019
622.16667,1012.56725
622.33333,1012.84240
622.50000,1012.77718
622.66667,1013.39826
622.83333,1015.82945
623.00000,1013.56284
623.16667,1013.44336
623.33333,1012.49896
623.50000,1015.06062
623.66667,1016.26338
623.83333,1015.66426
624.00000,1012.40152
624.16667,1011.28312
624.33333,1009.52504
624.50000,1011.83126
624.66667,1012.29129
624.83333,1014.09253
625.00000,1014.35116
625.16667,1012.96471
625.33333,1014.19932
625.50000,1014.44537
625.66667,1015.30878
625.83333,1014.44722
626.00000,1015.49155
626.16667,1011.99181
626.33333,1013.37376
626.50000,1014.25613
626.66667,1013.94296
626.83333,1015.03827
627.00000,1013.06697
627.16667,1013.02821
627.33333,1011.91436
627.50000,1012.84001
627.66667,1015.46592
627.83333,1014.40205
628.00000,1013.98245
628.16667,1011.04836
628.33333,1011.07186
628.50000,1011.43552
628.66667,1013.24842
628.83333,1014.06205
629.00000,1013.98737
629.16667,1013.11174
629.33333,1011.16588
629.50000,1013.49288
629.66667,1014.03751
629.83333,1014.07537
630.00000,1013.29646
630.16667,1014.03317
630.33333,1013.84586
630.50000,1012.89385
630.66667,1013.98393
630.83333,1013.72193
631.00000,1014.37317
631.16667,1014.15746
631.33333,1011.73863
631.50000,1013.84235
631.66667,1014.88365
631.83333,1012.37239
632.00000,1013.17913
632.16667,1013.06154
632.33333,1012.07598
632.50000,1013.65533
632.66667,1013.99613
632.83333,1012.93469
633.00000,1012.95799
633.16667,1012.72205
633.33333,1011.41320
633.50000,1012.06754
633.66667,1014.28574
633.83333,1015.29589
634.00000,1016.24573
634.16667,1013.69993
634.33333,1014.41298
634.50000,1014.33905
634.66667,1014.80984
634.83333,1015.99759
635.00000,1012.97912
635.16667,1011.99171
635.33333,1011.38065
635.50000,1011.61007
635.66667,1012.45816
635.83333,1012.12790
636.00000,1011.26144
636.16667,1010.70051
636.33333,1013.47213
636.50000,1014.84950
636.66667,1016.66158
636.83333,1014.72161
637.00000,1012.90307
637.16667,1012.54006
637.33333,1012.89024
637.50000,1012.27052
637.66667,1013.05495
637.83333,1013.54793
638.00000,1011.11652
638.16667,1011.05641
638.33333,1010.98341
638.50000,1011.35922
638.66667,1011.48901
638.83333,1012.08400
639.00000,1012.38259
639.16667,1012.87671
639.33333,1011.35872
639.50000,1010.69241
639.66667,1013.23877
639.83333,1012.81568
640.00000,1011.30781
640.16667,1009.99875
640.33333,1010.20557
640.50000,1010.81705
640.66667,1011.43977
640.83333,1012.44683
641.00000,1011.71547
641.16667,1012.33891
641.33333,1010.93633
641.50000,1013.02453
641.66667,1015.89035
641.83333,1013.69011
642.00000,1013.23357
642.16667,1012.44237
642.33333,1010.82935
642.50000,1011.89967
642.66667,1012.11795
642.83333,1011.89270
643.00000,1013.45389
643.16667,1010.94654
643.33333,1009.23880
643.50000,1011.19959
643.66667,1013.67840
643.83333,1013.74778
644.00000,1011.51302
644.16667,1011.17370
644.33333,1012.84955
644.50000,1013.70075
644.66667,1013.96895
644.83333,1014.58236
645.00000,1011.01670
645.16667,1011.67291
645.33333,1013.13712
645.50000,1014.23136
645.66667,1013.64055
645.83333,1014.11528
646.00000,1013.02410
646.16667,1013.33657
646.33333,1012.47415
646.50000,1013.50942
646.66667,1013.51172
646.83333,1012.76253
647.00000,1014.14611
647.16667,1014.20920
647.33333,1013.78063
647.50000,1013.58376
647.66667,1013.64149
647.83333,1013.93630
648.00000,1014.38526
648.16667,1012.23976
648.33333,1011.72516
648.50000,1013.49347
648.66667,1012.83106
648.83333,1014.38524
649.00000,1014.29861
649.16667,1012.89938
649.33333,1012.11905
649.50000,1014.10274
649.66667,1014.41010
649.83333,1013.62996
650.00000,1012.06965
650.16667,1011.95351
650.33333,1011.78037
650.50000,1013.42150
650.66667,1012.89669
650.83333,1014.34497
651.00000,1013.27654
651.16667,1011.09136
651.33333,1010.93325
651.50000,1011.18731
651.66667,1014.00752
651.83333,1013.54093
652.00000,1013.63656
652.16667,1012.06402
652.33333,1010.79565
652.50000,1011.82908
652.66667,1012.36875
652.83333,1014.00041
653.00000,1013.36118
653.16667,1010.66952
653.33333,1012.08845
653.50000,1012.07434
653.66667,1012.73291
653.83333,1011.78038
654.00000,1009.93969
654.16667,1008.38103
654.33333,1010.02354
654.50000,1011.07831
654.66667,1013.42784
654.83333,1012.22215
655.00000,1013.82478
655.16667,1010.37785
655.33333,1009.71589
655.50000,1012.10366
655.66667,1014.98171
655.83333,1013.21033
656.00000,1013.40205
656.16667,1013.33873
656.33333,1012.86365
656.50000,1011.86535
656.66667,1011.31067
656.83333,1014.13747
657.00000,1012.83551
657.16667,1012.17227
657.33333,1011.24715
657.50000,1013.09626
657.66667,1013.72231
657.83333,1014.26537
658.00000,1011.41140
658.16667,1010.48947
658.33333,1011.23806
658.50000,1013.07882
658.66667,1014.23315
658.83333,1012.35718
659.00000,1010.55031
659.16667,1009.50268
659.33333,1011.13182
659.50000,1011.71858
659.66667,1013.14864
659.83333,1013.05046
660.00000,1012.39112
660.16667,1011.02094
660.33333,1013.62368
660.50000,1013.72136
660.66667,1014.41567
660.83333,1013.15958
661.00000,1012.30565
661.16667,1009.42972
661.33333,1009.00217
661.50000,1011.60575
661.66667,1011.20660
661.83333,1012.58170
662.00000,1011.98439
662.16667,1011.82809
662.33333,1010.85982
662.50000,1011.35909
662.66667,1012.65241
662.83333,1013.23907
663.00000,1013.23547
663.16667,1011.50579
663.33333,1011.24833
663.50000,1013.32967
663.66667,1014.18062
663.83333,1013.35377
664.00000,1011.77956
664.16667,1010.61292
664.33333,1011.85364
664.50000,1013.66032
664.66667,1012.66840
664.83333,1011.63255
665.00000,1010.44009
665.16667,1010.77867
665.33333,1008.35731
665.50000,1010.45327
665.66667,1012.93538
665.83333,1013.85588
666.00000,1011.18490
666.16667,1011.52570
666.33333,1010.57417
666.50000,1011.14549
666.66667,1012.05058
666.83333,1012.12205
667.00000,1010.15440
667.16667,1010.27710
667.33333,1011.63032
667.50000,1012.03421
667.66667,1011.70004
667.83333,1013.09989
668.00000,1011.49125
668.16667,1010.99944
668.33333,1010.83028
668.50000,1011.75331
668.66667,1013.50989
668.83333,1013.32000
669.00000,1011.42291
669.16667,1010.95822
669.33333,1010.72687
669.50000,1011.90389
669.66667,1013.39472
669.83333,1013.25642
670.00000,1010.36182
670.16667,1009.00246
670.33333,1010.49337
670.50000,1010.63042
670.66667,1010.40501
670.83333,1010.99054
671.00000,1011.25296
671.16667,1011.34130
671.33333,1011.15147
671.50000,1013.33703
671.66667,1012.95755
671.83333,1013.96190
672.00000,1012.90916
672.16667,1010.13146
672.33333,1010.12064
672.50000,1013.43676
672.66667,1013.77036
672.83333,1012.36293
673.00000,1012.35911
673.16667,1009.51449
673.33333,1009.85332
673.50000,1009.79254
673.66667,1010.31392
673.83333,1011.65735
674.00000,1010.82499
674.16667,1012.58683
674.33333,1012.29970
674.50000,1011.75727
674.66667,1013.16344
674.83333,1013.46441
675.00000,1011.21680
675.16667,1009.94553
675.33333,1011.60755
675.50000,1012.11626
675.66667,1013.22607
675.83333,1013.11534
676.00000,1011.46415
676.16667,1011.51674
676.33333,1009.99564
676.50000,1012.59329
676.66667,1012.90063
676.83333,1013.19243
677.00000,1010.86625
677.16667,1009.30899
677.33333,1010.04276
677.50000,1011.98067
677.66667,1012.29960
677.83333,1010.72620
678.00000,1012.18126
678.16667,1009.75423
678.33333,1012.42625
678.50000,1011.78099
678.66667,1011.96815
678.83333,1010.40431
679.00000,1008.90322
679.16667,1010.11698
679.33333,1010.67472
679.50000,1010.71142
679.66667,1011.45095
679.83333,1010.15397
680.00000,1009.56117
680.16667,1009.62864
680.33333,1008.41980
680.50000,1009.93103
680.66667,1012.81034
680.83333,1013.13332
681.00000,1010.34040
681.16667,1009.50124
681.33333,1008.69291
681.50000,1009.31049
681.66667,1009.54647
681.83333,1008.77374
682.00000,1010.93346
682.16667,1009.87473
682.33333,1010.73343
682.50000,1011.59177
682.66667,1012.79479
682.83333,1013.10827
683.00000,1013.08653
683.16667,1011.07182
683.33333,1010.15674
683.50000,1010.42005
683.66667,1009.23461
683.83333,1010.99647
684.00000,1011.44474
684.16667,1009.77608
684.33333,1011.11053
684.50000,1010.10522
684.66667,1009.59210
684.83333,1010.15287
685.00000,1007.98809
685.16667,1006.37953
685.33333,1008.05212
685.50000,1008.72778
685.66667,1011.07402
685.83333,1011.27322
686.00000,1012.48580
686.16667,1009.58664
686.33333,1010.93204
686.50000,1010.25035
686.66667,1010.24392
686.83333,1009.52294
687.00000,1008.84767
687.16667,1009.80012
687.33333,1009.39070
687.50000,1010.44321
687.66667,1011.90001
687.83333,1012.51504
688.00000,1011.17349
688.16667,1009.66397
688.33333,1010.30199
688.50000,1010.93744
688.66667,1010.82707
688.83333,1012.28805
689.00000,1010.52031
689.16667,1007.56630
689.33333,1009.64495
689.50000,1009.98905
689.66667,1009.79197
689.83333,1012.06871
690.00000,1011.48560
690.16667,1010.03428
690.33333,1009.79817
690.50000,1011.40751
690.66667,1012.83323
690.83333,1009.69978
691.00000,1010.91912
691.16667,1009.06355
691.33333,1009.11274
691.50000,1011.07113
691.66667,1012.01479
691.83333,1011.34927
692.00000,1009.90288
692.16667,1010.38735
692.33333,1010.48958
692.50000,1011.19312
692.66667,1013.05627
692.83333,1010.76452
693.00000,1010.30168
693.16667,1010.95976
693.33333,1011.41118
693.50000,1011.35527
693.66667,1014.04551
693.83333,1012.77001
694.00000,1010.40729
694.16667,1011.42944
694.33333,1010.83486
694.50000,1010.98849
694.66667,1010.11199
694.83333,1009.65293
695.00000,1008.21310
695.16667,1007.89352
695.33333,1008.07066
695.50000,1010.32446
695.66667,1010.02539
695.83333,1009.75931
696.00000,1009.16929
696.16667,1008.40441
696.33333,1009.86407
696.50000,1011.22906
696.66667,1011.57188
696.83333,1012.43386
697.00000,1011.45842
697.16667,1011.43489
697.33333,1009.40076
697.50000,1010.32296
697.66667,1010.72241
697.83333,1012.38475
698.00000,1010.91565
698.16667,1009.55997
698.33333,1009.48105
698.50000,1009.52891
698.66667,1009.80653
698.83333,1009.71162
699.00000,1011.26883
699.16667,1008.81846
699.33333,1010.14051
699.50000,1009.50901
699.66667,1011.44874
699.83333,1012.12301
700.00000,1011.70202
700.16667,1009.94439
700.33333,1008.28322
700.50000,1010.45559
700.66667,1010.30862
700.83333,1010.33961
701.00000,1008.89049
701.16667,1009.52646
701.33333,1008.01972
701.50000,1009.65956
701.66667,1009.05759
701.83333,1010.92790
702.00000,1010.66940
702.16667,1009.83935
702.33333,1011.15510
702.50000,1012.62496
702.66667,1013.42005
702.83333,1012.31966
703.00000,1013.02110
703.16667,1010.82740
703.33333,1009.86273
703.50000,1011.18862
703.66667,1012.48076
703.83333,1012.59298
704.00000,1011.47184
704.16667,1008.02944
704.33333,1011.48334
704.50000,1011.88388
704.66667,1011.81432
704.83333,1010.97452
705.00000,1010.30924
705.16667,1008.39637
705.33333,1009.46879
705.50000,1010.69885
705.66667,1010.04850
705.83333,1009.63802
706.00000,1011.78228
706.16667,1010.33218
706.33333,1009.98684
706.50000,1011.04310
706.66667,1011.73304
706.83333,1012.39476
707.00000,1010.60724
707.16667,1009.78389
707.33333,1009.00547
707.50000,1010.73411
707.66667,1010.64696
707.83333,1011.26632
708.00000,1008.53065
708.16667,1006.59028
708.33333,1006.31892
708.50000,1009.69973
708.66667,1009.78344
708.83333,1011.10549
709.00000,1011.75114
709.16667,1010.99402
709.33333,1010.23090
709.50000,1009.15461
709.66667,1009.88209
709.83333,1009.60525
710.00000,1011.73877
710.16667,1010.87396
710.33333,1010.19941
710.50000,1012.07207
710.66667,1010.86235
710.83333,1011.64089
711.00000,1009.68631
711.16667,1009.34237
711.33333,1008.78450
711.50000,1009.61414
711.66667,1010.11767
711.83333,1010.49528
712.00000,1012.50906
712.16667,1010.57996
712.33333,1010.59050
712.50000,1012.36549
712.66667,1012.78241
712.83333,1012.33387
713.00000,1010.44209
713.16667,1009.79368
713.33333,1008.56285
713.50000,1009.23898
713.66667,1010.08928
713.83333,1011.32323
714.00000,1010.42027
714.16667,1008.20174
714.33333,1007.83914
714.50000,1009.71065
714.66667,1011.18757
714.83333,1011.59026
715.00000,1010.49387
715.16667,1009.63079
715.33333,1008.86179
715.50000,1009.21418
715.66667,1009.20060
715.83333,1009.83969
716.00000,1006.82284
716.16667,1007.65052
716.33333,1008.39749
716.50000,1009.80329
716.66667,1011.48406
716.83333,1011.24351
717.00000,1011.16249
717.16667,1010.11129
717.33333,1009.91708
717.50000,1011.19950
717.66667,1011.47380
717.83333,1012.01814
718.00000,1010.74234
718.16667,1008.57234
718.33333,1010.81718
718.50000,1010.81012
718.66667,1011.46712
718.83333,1011.21787
719.00000,1009.91111
719.16667,1007.85262
719.33333,1007.60879
719.50000,1009.87745
719.66667,1011.98456
719.83333,1010.76487
720.00000,1010.99412
720.16667,1009.39680
720.33333,1008.88128
720.50000,1009.03296
720.66667,1012.05632
720.83333,1012.11916
721.00000,1008.35255
721.16667,1009.94023
721.33333,1008.86859
721.50000,1009.17644
721.66667,1010.43854
721.83333,1009.55239
722.00000,1010.06403
722.16667,1011.31099
722.33333,1011.57625
722.50000,1008.59650
722.66667,1008.19807
722.83333,1009.78054
723.00000,1010.22823
723.16667,1008.95623
723.33333,1009.59029
723.50000,1011.09710
723.66667,1011.57850
723.83333,1011.46456
724.00000,1009.45407
724.16667,1008.56331
724.33333,1007.97818
724.50000,1008.42771
724.66667,1010.15722
724.83333,1009.26677
725.00000,1008.43836
725.16667,1009.76207
725.33333,1008.95754
725.50000,1010.52513
725.66667,1011.19602
725.83333,1011.09776
726.00000,1009.28097
726.16667,1010.01532
726.33333,1011.63501
726.50000,1011.46276
726.66667,1011.45832
726.83333,1010.25031
727.00000,1009.06750
727.16667,1008.94843
727.33333,1007.96411
727.50000,1010.48419
727.66667,1012.74795
727.83333,1014.55336
728.00000,1011.70352
728.16667,1011.16557
728.33333,1010.93720
728.50000,1010.32980
728.66667,1010.30061
728.83333,1009.19283
729.00000,1008.54186
729.16667,1008.71126
729.33333,1010.44494
729.50000,1011.24610
729.66667,1010.72599
729.83333,1010.76708
